 84.438121  88.426845  92.415570  93.608330  94.801090  90.812366  86.823641  85.630881  84.438121  12.500000  89.619606 
103.132069 103.457185 103.782301  99.962229  96.142157  95.817041  95.491925  99.311997 103.132069   0.000000  99.637113 
 96.677826  99.718033 102.758241 103.511552 104.264863 101.224655  98.184447  97.431136  96.677826   9.500000 100.471344 
 72.418138  72.506235  72.594332  69.647614  66.700896  66.612799  66.524702  69.471420  72.418138   0.000000  69.559517 
 84.838354  85.760754  86.683155  88.065207  89.447259  88.524858  87.602458  86.220406  84.838354   4.750000  87.142806 
104.969602 106.178666 107.387729 106.753230 106.118731 104.909668 103.700605 104.335104 104.969602   0.000000 105.544167 
 82.109846  83.604344  85.098843  85.701345  86.303847  84.809349  83.314851  82.712348  82.109846   4.750000  84.206847 
 88.586984  88.868287  89.149590  87.753292  86.356994  86.075691  85.794389  87.190686  88.586984   0.000000  87.471989 
 72.731522  74.238694  75.745867  76.274467  76.803067  75.295894  73.788722  73.260122  72.731522   4.750000  74.767294 
 73.283996  73.486697  73.689398  72.263482  70.837565  70.634864  70.432163  71.858079  73.283996   0.000000  72.060780 
 75.133471  75.380281  75.627091  77.145250  78.663408  78.416598  78.169788  76.651629  75.133471   4.750000  76.898439 
 96.410173  97.910753  99.411333  99.499938  99.588543  98.087963  96.587383  96.498778  96.410173   0.000000  97.999358 
 84.261887  84.487080  84.712273  85.465344  86.218415  85.993222  85.768029  85.014958  84.261887   2.360000  85.240151 
 89.243507  89.964736  90.685966  90.624584  90.563202  89.841972  89.120743  89.182125  89.243507   0.000000  89.903354 
 79.312337  79.933825  80.555313  81.110950  81.666588  81.045100  80.423612  79.867975  79.312337   2.360000  80.489462 
 71.334369  71.764062  72.193756  71.681750  71.169743  70.740049  70.310355  70.822362  71.334369   0.000000  71.252056 
 88.789291  89.257993  89.726694  90.407749  91.088805  90.620103  90.151402  89.470346  88.789291   2.360000  89.939048 
 87.166014  87.758637  88.351261  88.024080  87.696898  87.104274  86.511651  86.838832  87.166014   0.000000  87.431456 
 96.317093  96.628504  96.939914  97.679891  98.419869  98.108458  97.797048  97.057071  96.317093   2.360000  97.368481 
 99.925842 100.614252 101.302661 101.149961 100.997260 100.308850  99.620441  99.773142  99.925842   0.000000 100.461551 
 84.753300  84.940438  85.127576  85.882828  86.638079  86.450941  86.263803  85.508551  84.753300   2.360000  85.695690 
 77.943937  78.675964  79.407991  79.386105  79.364220  78.632194  77.900167  77.922052  77.943937   0.000000  78.654079 
 88.887504  89.280489  89.673474  90.389326  91.105178  90.712193  90.319208  89.603356  88.887504   2.360000  89.996341 
 89.526596  90.171923  90.817250  90.575507  90.333764  89.688437  89.043110  89.284853  89.526596   0.000000  89.930180 
105.975813 106.287224 106.598634 107.338611 108.078589 107.767178 107.455768 106.715791 105.975813   2.360000 107.027201 
 70.853355  71.541765  72.230174  72.077474  71.924773  71.236364  70.547954  70.700655  70.853355   0.000000  71.389064 
 76.532300  76.810119  77.087938  77.398682  77.709426  77.431607  77.153788  76.843044  76.532300   1.180000  77.120863 
 73.256117  73.512121  73.768124  73.553277  73.338430  73.082427  72.826423  73.041270  73.256117   0.000000  73.297274 
 93.528349  93.862960  94.197570  94.442120  94.686669  94.352058  94.017447  93.772898  93.528349   1.180000  94.107509 
 71.036676  71.212052  71.387427  71.099474  70.811522  70.636146  70.460771  70.748724  71.036676   0.000000  70.924099 
 90.130577  90.321408  90.512240  90.872221  91.232202  91.041370  90.850539  90.490558  90.130577   1.180000  90.681389 
107.881537 108.207580 108.533624 108.419017 108.304411 107.978368 107.652324 107.766930 107.881537   0.000000 108.092974 
 99.177871  99.321469  99.465066  99.837494 100.209922 100.066324  99.922727  99.550299  99.177871   1.180000  99.693897 
 96.475872  96.825301  97.174730  97.111339  97.047947  96.698518  96.349089  96.412481  96.475872   0.000000  96.761910 
 78.430292  78.712537  78.994781  79.301728  79.608675  79.326431  79.044186  78.737239  78.430292   1.180000  79.019484 
106.520548 106.771664 107.022779 106.802542 106.582305 106.331189 106.080073 106.300311 106.520548   0.000000 106.551426 
 95.838910  95.913195  95.987480  96.365161  96.742842  96.668557  96.594272  96.216591  95.838910   1.180000  96.290876 
 56.606487  56.976896  57.347305  57.356141  57.364977  56.994568  56.624159  56.615323  56.606487   0.000000  56.985732 
 69.609009  69.974495  70.339980  70.513487  70.686993  70.321507  69.956021  69.782515  69.609009   1.180000  70.148001 
105.586308 105.681917 105.777527 105.441943 105.106359 105.010749 104.915140 105.250724 105.586308   0.000000 105.346333 
 28.869835  29.116646  29.363456  30.881614  32.399773  32.152963  31.906152  30.387994  28.869835   4.750000  30.634804 
 58.567782  60.068362  61.568942  61.657547  61.746152  60.245572  58.744992  58.656387  58.567782   0.000000  60.156967 
  2.082563   2.407569   2.732576   4.253291   5.774006   5.449000   5.123993   3.603278   2.082563   4.750000   3.928285 
 91.909588  93.395194  94.880801  94.889830  94.898860  93.413253  91.927646  91.918617  91.909588   0.000000  93.404224 
 41.088162  42.591567  44.094972  44.648377  45.201782  43.698377  42.194972  41.641567  41.088162   4.750000  43.144972 
 73.290068  73.519042  73.748016  72.331542  70.915068  70.686094  70.457120  71.873594  73.290068   0.000000  72.102568 
 26.123846  27.580753  29.037660  29.782815  30.527970  29.071063  27.614155  26.869001  26.123846   4.750000  28.325908 
 93.368589  93.804568  94.240547  92.914877  91.589207  91.153228  90.717249  92.042919  93.368589   0.000000  92.478898 
 15.583199  16.147688  16.712177  17.326071  17.939965  17.375476  16.810987  16.197093  15.583199   2.360000  16.761582 
 90.778111  91.280342  91.782574  91.342099  90.901624  90.399393  89.897161  90.337636  90.778111   0.000000  90.839868 
 10.897419  11.648366  12.399314  12.482752  12.566191  11.815243  11.064296  10.980857  10.897419   2.360000  11.731805 
106.643175 106.559736 106.476298 105.725350 104.974403 105.057841 105.141280 105.892227 106.643175   0.000000 105.808789 
 13.796337  14.324417  14.852497  15.495621  16.138746  15.610666  15.082586  14.439462  13.796337   2.360000  14.967541 
 95.478337  96.018722  96.559106  96.162528  95.765949  95.225564  94.685179  95.081758  95.478337   0.000000  95.622143 
 35.994921  36.670162  37.345404  37.824376  38.303349  37.628108  36.952866  36.473894  35.994921   2.360000  37.149135 
 99.251259  99.590277  99.929294  99.344941  98.760587  98.421570  98.082552  98.666905  99.251259   0.000000  99.005923 
 13.640151  13.762777  13.885403  14.639688  15.393973  15.271347  15.148721  14.394436  13.640151   2.360000  14.517062 
102.835991 103.581542 104.327094 104.371116 104.415139 103.669588 102.924036 102.880014 102.835991   0.000000 103.625565 
 37.998622  38.750911  39.503200  39.599732  39.696264  38.943975  38.191685  38.095154  37.998622   2.360000  38.847443 
 91.151041  91.080721  91.010401  90.261024  89.511648  89.581968  89.652288  90.401664  91.151041   0.000000  90.331344 
 19.753000  20.497856  21.242712  21.529907  21.817103  21.072247  20.327391  20.040196  19.753000   2.360000  20.785052 
 76.117373  76.244156  76.370939  75.672080  74.973222  74.846439  74.719657  75.418515  76.117373   0.000000  75.545298 
  7.854391   8.189637   8.524883   9.259080   9.993278   9.658032   9.322786   8.588589   7.854391   2.360000   8.923835 
101.733767 102.410889 103.088011 102.909579 102.731146 102.054024 101.376902 101.555335 101.733767   0.000000 102.232457 
 40.468649  41.033138  41.597627  42.211521  42.825415  42.260926  41.696437  41.082543  40.468649   2.360000  41.647032 
 89.212094  89.714325  90.216557  89.776082  89.335607  88.833375  88.331144  88.771619  89.212094   0.000000  89.273850 
 37.601717  37.826910  38.052103  38.805175  39.558246  39.333053  39.107859  38.354788  37.601717   2.360000  38.579981 
102.630324 103.351554 104.072783 104.011401 103.950019 103.228790 102.507560 102.568942 102.630324   0.000000 103.290172 
  2.112606   2.494268   2.875931   3.595893   4.315855   3.934193   3.552530   2.832568   2.112606   2.360000   3.214231 
101.751081 102.403168 103.055255 102.826042 102.596830 101.944742 101.292655 101.521868 101.751081   0.000000 102.173955 
 52.669003  53.399975  54.130947  54.477959  54.824971  54.093999  53.363028  53.016016  52.669003   2.360000  53.746987 
 64.117706  64.308925  64.500144  63.828976  63.157807  62.966589  62.775370  63.446538  64.117706   0.000000  63.637757 
 49.296246  49.851883  50.407521  51.029009  51.650497  51.094859  50.539221  49.917733  49.296246   2.360000  50.473371 
105.857427 106.369433 106.881440 106.451746 106.022052 105.510045 104.998039 105.427733 105.857427   0.000000 105.939739 
 39.541120  40.295406  41.049691  41.172316  41.294942  40.540657  39.786372  39.663746  39.541120   2.360000  40.418031 
109.467594 109.423572 109.379549 108.633998 107.888446 107.932469 107.976492 108.722043 109.467594   0.000000 108.678020 
 25.529524  26.282926  27.036328  27.145923  27.255519  26.502117  25.748715  25.639119  25.529524   2.360000  26.392521 
 98.321071  98.263891  98.206711  97.459133  96.711555  96.768735  96.825915  97.573493  98.321071   0.000000  97.516313 
 15.305917  15.879086  16.452254  17.058367  17.664480  17.091312  16.518144  15.912031  15.305917   2.360000  16.485199 
 72.515396  73.007700  73.500003  73.048881  72.597759  72.105456  71.613153  72.064275  72.515396   0.000000  72.556578 
 45.270834  45.510321  45.749807  46.087428  46.425049  46.185562  45.946076  45.608455  45.270834   1.180000  45.847941 
 72.131920  72.424097  72.716274  72.546765  72.377256  72.085079  71.792902  71.962411  72.131920   0.000000  72.254588 
 36.879349  36.966516  37.053683  37.431443  37.809202  37.722035  37.634868  37.257108  36.879349   1.180000  37.344275 
104.316111 104.683702 105.051292 105.046942 105.042591 104.675001 104.307410 104.311760 104.316111   0.000000 104.679351 
  5.243657   5.603638   5.963619   6.154451   6.345282   5.985301   5.625320   5.434489   5.243657   1.180000   5.794470 
 81.375828  81.490434  81.605040  81.278997  80.952953  80.838347  80.723741  81.049784  81.375828   0.000000  81.164391 
 46.059951  46.134237  46.208522  46.586203  46.963884  46.889599  46.815313  46.437632  46.059951   1.180000  46.511918 
 59.886554  60.256963  60.627372  60.636208  60.645044  60.274635  59.904226  59.895390  59.886554   0.000000  60.265799 
 45.390728  45.744218  46.097707  46.305341  46.512975  46.159485  45.805995  45.598362  45.390728   1.180000  45.951851 
108.318091 108.451381 108.584670 108.269061 107.953451 107.820162 107.686873 108.002482 108.318091   0.000000 108.135771 
 50.174124  50.548538  50.922951  51.054266  51.185582  50.811168  50.436755  50.305440  50.174124   1.180000  50.679853 
108.284047 108.334402 108.384758 108.030530 107.676302 107.625947 107.575592 107.929819 108.284047   0.000000 107.980175 
 12.732556  13.099655  13.466753  13.634376  13.801999  13.434900  13.067802  12.900179  12.732556   1.180000  13.267277 
 65.095168  65.184384  65.273601  64.935040  64.596479  64.507262  64.418046  64.756607  65.095168   0.000000  64.845823 
 41.765006  42.128767  42.492529  42.671865  42.851202  42.487440  42.123679  41.944342  41.765006   1.180000  42.308104 
 64.359033  64.461007  64.562980  64.230476  63.897971  63.795997  63.694024  64.026529  64.359033   0.000000  64.128502 
 24.138675  24.269990  24.401305  24.775719  25.150132  25.018817  24.887501  24.513088  24.138675   1.180000  24.644403 
 73.157728  73.511955  73.866183  73.815828  73.765472  73.411245  73.057017  73.107372  73.157728   0.000000  73.461600 
 37.323721  37.542243  37.760764  38.109387  38.458010  38.239488  38.020966  37.672343  37.323721   1.180000  37.890865 
 85.694536  86.002707  86.310877  86.165333  86.019788  85.711617  85.403446  85.548991  85.694536   0.000000  85.857162 
  0.443242   0.611801   0.780360   0.907244   1.034127   0.865568   0.697009   0.570126   0.443242   0.600000   0.738685 
 66.290848  66.382978  66.475107  66.330883  66.186659  66.094529  66.002400  66.146624  66.290848   0.000000  66.238754 
 35.172310  35.328385  35.484459  35.627974  35.771488  35.615413  35.459338  35.315824  35.172310   0.600000  35.471899 
 86.337023  86.449008  86.560994  86.433308  86.305622  86.193636  86.081651  86.209337  86.337023   0.000000  86.321322 
 26.433382  26.616423  26.799464  26.896497  26.993530  26.810489  26.627448  26.530415  26.433382   0.600000  26.713456 
101.024188 101.082462 101.140737 100.974952 100.809167 100.750893 100.692618 100.858403 101.024188   0.000000 100.916678 
 13.735972  14.086856  14.437740  15.958382  17.479023  17.128138  16.777254  15.256613  13.735972   4.750000  15.607497 
 44.931545  46.411253  47.890962  47.873449  47.855937  46.376229  44.896521  44.914033  44.931545   0.000000  46.393741 
  1.457704   2.804655   4.151606   5.136020   6.120433   4.773483   3.426532   2.442118   1.457704   4.750000   3.789069 
 48.715051  49.421011  50.126971  48.967840  47.808708  47.102748  46.396788  47.555919  48.715051   0.000000  48.261880 
 36.312015  37.776309  39.240603  39.962508  40.684413  39.220119  37.755825  37.033920  36.312015   4.750000  38.498214 
 22.553464  22.963950  23.374437  22.035964  20.697491  20.287005  19.876518  21.214991  22.553464   0.000000  21.625478 
 34.967350  35.594130  36.220909  37.710270  39.199631  38.572852  37.946073  36.456712  34.967350   4.750000  37.083491 
 16.761826  18.147396  19.532966  19.225624  18.918281  17.532711  16.147142  16.454484  16.761826   0.000000  17.840054 
  8.193866   8.917719   9.641572  10.011796  10.382020   9.658167   8.934314   8.564090   8.193866   2.360000   9.287943 
 44.418127  44.634740  44.851353  44.192704  43.534056  43.317443  43.100830  43.759479  44.418127   0.000000  43.976091 
 19.002476  19.752947  20.503417  20.753643  21.003870  20.253400  19.502929  19.252703  19.002476   2.360000  20.003173 
 29.643626  29.731252  29.818878  29.105947  28.393016  28.305390  28.217763  28.930694  29.643626   0.000000  29.018321 
 43.120900  43.851872  44.582843  44.929855  45.276867  44.545896  43.814924  43.467912  43.120900   2.360000  44.198884 
  8.836285   9.027504   9.218723   8.547555   7.876387   7.685168   7.493949   8.165117   8.836285   0.000000   8.356336 
 44.956988  45.144126  45.331264  46.086516  46.841768  46.654629  46.467491  45.712239  44.956988   2.360000  45.899378 
  4.751846   5.483872   6.215899   6.194014   6.172129   5.440102   4.708075   4.729961   4.751846   0.000000   5.461987 
 25.643652  26.398903  27.154155  27.341293  27.528431  26.773180  26.017928  25.830790  25.643652   2.360000  26.586041 
 45.140478  45.162363  45.184248  44.452221  43.720194  43.698309  43.676424  44.408451  45.140478   0.000000  44.430336 
 52.371570  53.000462  53.629355  54.175972  54.722589  54.093697  53.464805  52.918187  52.371570   2.360000  53.547080 
 48.047289  48.466071  48.884853  48.363227  47.841601  47.422819  47.004037  47.525663  48.047289   0.000000  47.944445 
 21.673269  22.287163  22.901057  23.465546  24.030035  23.416141  22.802247  22.237758  21.673269   2.360000  22.851652 
 33.198853  33.639328  34.079803  33.577571  33.075340  32.634865  32.194390  32.696621  33.198853   0.000000  33.137096 
 23.781953  24.516150  25.250348  25.585593  25.920839  25.186642  24.452444  24.117198  23.781953   2.360000  24.851396 
 19.276575  19.455007  19.633440  18.956318  18.279196  18.100763  17.922331  18.599453  19.276575   0.000000  18.777885 
 47.009823  47.171300  47.332777  48.088332  48.843887  48.682411  48.520934  47.765378  47.009823   2.360000  47.926855 
 33.478653  34.216765  34.954877  34.959363  34.963850  34.225738  33.487626  33.483140  33.478653   0.000000  34.221252 
 46.380423  46.567561  46.754700  47.509951  48.265203  48.078065  47.890926  47.135675  46.380423   2.360000  47.322813 
 19.619653  20.351680  21.083707  21.061822  21.039937  20.307910  19.575883  19.597768  19.619653   0.000000  20.329795 
 33.885793  34.467466  35.049138  35.647286  36.245433  35.663761  35.082088  34.483941  33.885793   2.360000  35.065613 
 46.637750  47.119975  47.602200  47.140569  46.678937  46.196712  45.714487  46.176119  46.637750   0.000000  46.658344 
  8.355350   8.666760   8.978171   9.718148  10.458125  10.146715   9.835305   9.095327   8.355350   2.360000   9.406738 
 28.337337  29.025747  29.714156  29.561455  29.408755  28.720345  28.031936  28.184636  28.337337   0.000000  28.873046 
 53.040332  53.136864  53.233395  53.985684  54.737974  54.641442  54.544910  53.792621  53.040332   2.360000  53.889153 
 17.652289  18.401666  19.151043  19.221363  19.291683  18.542306  17.792929  17.722609  17.652289   0.000000  18.471986 
 49.406793  49.544270  49.681748  50.055225  50.428703  50.291225  50.153748  49.780270  49.406793   1.180000  49.917748 
 47.268065  47.619947  47.971829  47.914947  47.858065  47.506183  47.154301  47.211183  47.268065   0.000000  47.563065 
  8.670725   9.044202   9.417680   9.555157   9.692635   9.319157   8.945680   8.808202   8.670725   1.180000   9.181680 
 14.943811  15.000693  15.057575  14.705693  14.353811  14.296929  14.240047  14.591929  14.943811   0.000000  14.648811 
  6.062189   6.348773   6.635357   6.938414   7.241470   6.954886   6.668302   6.365246   6.062189   1.180000   6.651830 
 43.897764  44.143916  44.390067  44.164506  43.938945  43.692794  43.446642  43.672203  43.897764   0.000000  43.918355 
 31.693838  32.069983  32.446128  32.494393  32.542659  32.166515  31.790370  31.742104  31.693838   1.180000  32.118249 
 47.891477  47.856317  47.821157  47.446469  47.071780  47.106940  47.142100  47.516789  47.891477   0.000000  47.481629 
 40.375161  40.674235  40.973309  41.264145  41.554982  41.255908  40.956834  40.665998  40.375161   1.180000  40.965071 
 21.803321  22.034137  22.264952  22.023840  21.782727  21.551912  21.321096  21.562209  21.803321   0.000000  21.793024 
 20.411966  20.715022  21.018079  21.304663  21.591247  21.288190  20.985134  20.698550  20.411966   1.180000  21.001606 
 47.128420  47.353981  47.579542  47.333390  47.087239  46.861678  46.636117  46.882268  47.128420   0.000000  47.107829 
 46.406502  46.491734  46.576966  46.763626  46.950287  46.865055  46.779823  46.593162  46.406502   0.600000  46.678394 
 50.574015  50.746164  50.918314  50.872950  50.827586  50.655436  50.483286  50.528651  50.574015   0.000000  50.700800 
 51.792371  51.966945  52.141520  52.258034  52.374548  52.199973  52.025398  51.908884  51.792371   0.600000  52.083459 
 16.871909  16.952056  17.032203  16.879479  16.726755  16.646608  16.566461  16.719185  16.871909   0.000000  16.799332 
104.400774 104.621358 104.841942 106.358323 107.874704 107.654120 107.433536 105.917155 104.400774   4.750000 106.137739 
 15.717693  17.222352  18.727011  18.842098  18.957185  17.452526  15.947867  15.832780  15.717693   0.000000  17.337439 
 75.433300  76.874104  78.314908  79.105874  79.896840  78.456036  77.015231  76.224266  75.433300   4.750000  77.665070 
  4.313911   4.800470   5.287029   3.988172   2.689315   2.202756   1.716197   3.015054   4.313911   0.000000   3.501613 
 74.638713  74.911675  75.184636  76.704110  78.223584  77.950622  77.677661  76.158187  74.638713   4.750000  76.431149 
 33.322803  34.818847  36.314891  36.376987  36.439083  34.943039  33.446995  33.384899  33.322803   0.000000  34.880943 
 80.264738  81.435478  82.606217  83.810116  85.014015  83.843275  82.672536  81.468637  80.264738   4.750000  82.639377 
 28.019013  28.989593  29.960173  29.031043  28.101912  27.131332  26.160752  27.089883  28.019013   0.000000  28.060463 
 58.179594  59.690074  61.200555  61.704189  62.207823  60.697342  59.186862  58.683228  58.179594   4.750000  60.193708 
 16.507247  16.683614  16.859980  15.425055  13.990130  13.813764  13.637397  15.072322  16.507247   0.000000  15.248689 
 87.725609  88.050616  88.375622  89.896337  91.417053  91.092046  90.767040  89.246324  87.725609   4.750000  89.571331 
 25.293111  26.778717  28.264324  28.273353  28.282382  26.796776  25.311169  25.302140  25.293111   0.000000  26.787747 
 65.450785  66.821553  68.192321  69.135682  70.079043  68.708275  67.337507  66.394146  65.450785   4.750000  67.764914 
 52.596032  53.254554  53.913077  52.720296  51.527515  50.868992  50.210470  51.403251  52.596032   0.000000  52.061773 
 98.705104  99.427009 100.148914 101.613208 103.077502 102.355597 101.633692 100.169398  98.705104   4.750000 100.891303 
 30.514306  31.852778  33.191251  32.780765  32.370279  31.031806  29.693333  30.103819  30.514306   0.000000  31.442292 
 80.548211  81.629904  82.711596  83.991893  85.272190  84.190497  83.108804  81.828508  80.548211   4.750000  82.910200 
 41.600788  42.669711  43.738635  42.917967  42.097298  41.028375  39.959452  40.780120  41.600788   0.000000  41.849043 
 87.065143  87.252281  87.439419  88.194671  88.949923  88.762784  88.575646  87.820395  87.065143   2.360000  88.007533 
 46.745379  47.477406  48.209433  48.187548  48.165663  47.433636  46.701609  46.723494  46.745379   0.000000  47.455521 
 67.246244  67.827917  68.409589  69.007737  69.605885  69.024212  68.442540  67.844392  67.246244   2.360000  68.426064 
 38.584168  39.066393  39.548618  39.086987  38.625356  38.143131  37.660906  38.122537  38.584168   0.000000  38.604762 
102.746771 103.344918 103.943066 104.524739 105.106411 104.508263 103.910116 103.328443 102.746771   2.360000 103.926591 
 54.015644  54.477275  54.938906  54.456681  53.974456  53.512825  53.051194  53.533419  54.015644   0.000000  53.995050 
 62.194962  62.925933  63.656905  64.003917  64.350929  63.619958  62.888986  62.541974  62.194962   2.360000  63.272945 
  7.055699   7.246918   7.438137   6.766969   6.095800   5.904582   5.713363   6.384531   7.055699   0.000000   6.575750 
106.805722 107.559750 108.313778 108.526349 108.738921 107.984893 107.230865 107.018294 106.805722   2.360000 107.772322 
 48.952517  49.000747  49.048977  48.323927  47.598877  47.550647  47.502418  48.227467  48.952517   0.000000  48.275697 
 73.661237  74.054222  74.447208  75.163060  75.878912  75.485927  75.092942  74.377090  73.661237   2.360000  74.770075 
 14.617261  15.262588  15.907915  15.666172  15.424429  14.779102  14.133775  14.375518  14.617261   0.000000  15.020845 
 96.879229  97.294496  97.709763  98.416743  99.123722  98.708455  98.293188  97.586208  96.879229   2.360000  98.001475 
 36.393296  37.024514  37.655733  37.389155  37.122576  36.491357  35.860138  36.126717  36.393296   0.000000  36.757936 
 71.473002  71.616600  71.760198  72.132626  72.505053  72.361456  72.217858  71.845430  71.473002   1.180000  71.989028 
 44.552074  44.901503  45.250932  45.187541  45.124149  44.774720  44.425291  44.488683  44.552074   0.000000  44.838112 
 73.806309  74.024831  74.243353  74.591975  74.940598  74.722076  74.503554  74.154932  73.806309   1.180000  74.373453 
 31.634477  31.942648  32.250818  32.105274  31.959729  31.651558  31.343387  31.488932  31.634477   0.000000  31.797103 
 75.918416  76.280343  76.642269  76.827381  77.012493  76.650567  76.288641  76.103529  75.918416   1.180000  76.465455 
  7.700222   7.808529   7.916835   7.587511   7.258187   7.149880   7.041574   7.370898   7.700222   0.000000   7.479205 
 66.534658  66.628783  66.722908  66.906938  67.090969  66.996844  66.902719  66.718689  66.534658   0.600000  66.812814 
 20.979596  21.147049  21.314502  21.259431  21.204360  21.036907  20.869454  20.924525  20.979596   0.000000  21.091978 
 83.921346  84.102242  84.283138  84.385898  84.488657  84.307761  84.126865  84.024106  83.921346   0.600000  84.205002 
 20.850488  20.915115  20.979742  20.817444  20.655147  20.590520  20.525893  20.688190  20.850488   0.000000  20.752817 
103.827325 103.878704 103.930084 104.020532 104.110980 104.059600 104.008221 103.917773 103.827325   0.300000 103.969152 
 22.934006  23.015155  23.096304  23.063990  23.031677  22.950528  22.869379  22.901693  22.934006   0.000000  22.982841 
