 59.610748  59.479984  59.729535  59.741513  59.491962  59.479984 
 84.333520  84.425854  84.440827  84.241186  84.226213  84.425854 
 56.930237  56.801003  57.050766  57.059471  56.809708  56.801003 
 85.412115  85.506580  85.517461  85.317651  85.306769  85.506580 
102.848053 102.688050 102.878386 103.008056 102.817720 102.688050 
108.533929 108.529020 108.691107 108.538839 108.376751 108.529020 
 60.824280  60.664561  60.848876  60.983998  60.799684  60.664561 
 61.662518  61.651792  61.820695  61.673243  61.504340  61.651792 
 67.556610  67.398799  67.617444  67.714421  67.495776  67.398799 
109.660960 109.687807 109.809028 109.634112 109.512891 109.687807 
 73.317108  73.274380  73.476995  73.359837  73.157221  73.274380 
107.671425 107.825696 107.679248 107.517155 107.663603 107.825696 
101.948395 101.794164 102.024075 102.102626 101.872714 101.794164 
109.303290 109.346161 109.444349 109.260420 109.162232 109.346161 
 99.716034  99.687161  99.875984  99.744907  99.556084  99.687161 
 64.110315  64.267768  64.103921  63.952862  64.116709  64.267768 
 99.239349  99.158354  99.391836  99.320344  99.086862  99.158354 
109.640468 109.778544 109.689178 109.502393 109.591758 109.778544 
 81.796722  81.749500  81.956312  81.843944  81.637133  81.749500 
 66.131518  66.284472  66.144013  65.978563  66.119023  66.284472 
 58.419037  58.289509  58.539237  58.548565  58.298837  58.289509 
 97.075480  97.169541  97.181201  96.981418  96.969759  97.169541 
 83.898163  83.819157  84.051333  83.977169  83.744993  83.819157 
 94.605328  94.744551  94.651846  94.466105  94.558810  94.744551 
 87.657928  87.623503  87.818005  87.692354  87.497852  87.623503 
 98.690579  98.846912  98.689848  98.534246  98.691310  98.846912 
 61.786041  61.709859  61.940118  61.862223  61.631964  61.709859 
 60.766482  60.907270  60.809901  60.625694  60.723063  60.907270 
 63.427582  63.273570  63.503974  63.581594  63.351190  63.273570 
 87.576758  87.620407  87.717433  87.533109  87.436084  87.620407 
 60.139465  59.979396  60.176239  60.299535  60.102692  59.979396 
 55.189080  55.190757  55.344877  55.187403  55.033283  55.190757 
 61.584625  61.562087  61.744191  61.607163  61.425060  61.562087 
 86.721706  86.880189  86.708905  86.563222  86.734507  86.880189 
 89.356537  89.284582  89.511839  89.428492  89.201235  89.284582 
 93.085234  93.228229  93.124045  92.942240  93.046423  93.228229 
 58.939362  58.816167  59.066128  59.062556  58.812596  58.816167 
 87.407238  87.509455  87.504990  87.305022  87.309486  87.509455 
 83.085785  83.000930  83.236838  83.170640  82.934732  83.000930 
 88.407594  88.543331  88.460583  88.271856  88.354604  88.543331 
 62.113342  61.985314  62.235195  62.241370  61.991489  61.985314 
 73.044590  73.140683  73.148402  72.948497  72.940778  73.140683 
 69.869537  69.765759  70.011226  69.973316  69.727848  69.765759 
 56.565734  56.687614  56.640227  56.443853  56.491240  56.687614 
106.183167 106.159134 106.342846 106.207199 106.023487 106.159134 
106.089858 106.248121 106.078563 105.931594 106.101152 106.248121 
 70.524139  70.364097  70.555967  70.684182  70.492312  70.364097 
104.659181 104.655795 104.816064 104.662568 104.502299 104.655795 
 57.727509  57.608482  57.858066  57.846535  57.596951  57.608482 
 74.072889  74.179929  74.165516  73.965848  73.980261  74.179929 
 86.066742  85.907232  86.088612  86.226252  86.044872  85.907232 
 55.434978  55.421505  55.593555  55.448450  55.276401  55.421505 
 67.073212  66.930492  67.175271  67.215932  66.971153  66.930492 
 78.361192  78.433690  78.484516  78.288693  78.237867  78.433690 
 72.558441  72.414214  72.657858  72.702668  72.459024  72.414214 
 78.767295  78.836746  78.892759  78.697843  78.641831  78.836746 
 88.557587  88.484510  88.712579  88.630663  88.402594  88.484510 
108.684821 108.827246 108.724851 108.542396 108.644791 108.827246 
 75.285950  75.148341  75.395946  75.423559  75.175953  75.148341 
 64.667310  64.749095  64.783610  64.585526  64.551010  64.749095 
 65.529022  65.495830  65.689088  65.562214  65.368957  65.495830 
 72.275229  72.431828  72.273236  72.118630  72.277222  72.431828 
104.724579 104.616905 104.863779 104.832253 104.585379 104.616905 
 99.981541 100.099994 100.060587  99.863087  99.902495 100.099994 
 76.734467  76.575108  76.754660  76.893825  76.714273  76.575108 
 65.429220  65.414062  65.588019  65.444377  65.270420  65.414062 
 70.626526  70.470434  70.695426  70.782618  70.557626  70.470434 
101.630172 101.665674 101.774663 101.594669 101.485680 101.665674 
 89.289398  89.156002  89.405011  89.422795  89.173785  89.156002 
103.459500 103.547989 103.570218 103.371010 103.348781 103.547989 
 83.656464  83.531448  83.781448  83.781479  83.531479  83.531448 
 92.006639  92.106619  92.106658  91.906658  91.906619  92.106619 
 94.915619  94.859644  95.074221  94.971594  94.757017  94.859644 
 72.437298  72.587271  72.458987  72.287325  72.415609  72.587271 
 84.287567  84.144522  84.389070  84.430612  84.186064  84.144522 
 68.053989  68.125844  68.177772  67.982134  67.930206  68.125844 
 86.650848  86.491549  86.670426  86.810147  86.631271  86.491549 
109.478399 109.462624 109.637276 109.494174 109.319523 109.462624 
 61.064301  60.920895  61.165178  61.207706  60.963423  60.920895 
 76.543041  76.614174  76.667333  76.471907  76.418748  76.614174 
 80.467377  80.381865  80.618172  80.552888  80.316582  80.381865 
 85.078663  85.213988  85.132384  84.943339  85.024943  85.213988 
 71.819916  71.720387  71.964081  71.919445  71.675751  71.720387 
 59.013531  59.138906  59.083111  58.888156  58.943951  59.138906 
 55.515289  55.491567  55.674946  55.539011  55.355633  55.491567 
 77.448390  77.606701  77.436783  77.290080  77.459998  77.606701 
 60.171356  60.086507  60.322412  60.256205  60.020301  60.086507 
 85.943030  86.078771  85.996013  85.807289  85.890048  86.078771 
 74.117737  74.086213  74.277772  74.149260  73.957701  74.086213 
102.637979 102.794922 102.634282 102.481035 102.641675 102.794922 
 65.201721  65.152201  65.361105  65.251242  65.042338  65.152201 
 77.472607  77.624833  77.487505  77.320382  77.457710  77.624833 
 79.953766  79.793750  79.984524  80.113781  79.923007  79.793750 
101.384274 101.379798 101.541369 101.388750 101.227179 101.379798 
 98.591461  98.513298  98.744910  98.669624  98.438013  98.513298 
 70.356484  70.496182  70.402075  70.216786  70.310892  70.496182 
 88.309174  88.272674  88.469246  88.345673  88.149102  88.272674 
 59.430812  59.586673  59.432207  59.274950  59.429416  59.586673 
 77.493134  77.333197  77.521682  77.653070  77.464585  77.333197 
 70.576301  70.569577  70.733813  70.583025  70.418789  70.569577 
 90.303192  90.222149  90.455662  90.384236  90.150722  90.222149 
 61.146505  61.284552  61.195269  61.008459  61.097742  61.284552 
 92.673187  92.528824  92.772358  92.817550  92.574016  92.528824 
 67.983200  68.052369  68.108859  67.914032  67.857542  68.052369 
 74.700165  74.563197  74.811065  74.837132  74.589265  74.563197 
 75.427188  75.510043  75.542627  75.344333  75.311749  75.510043 
 98.207092  98.186678  98.366472  98.227506  98.047712  98.186678 
 65.354705  65.513477  65.339770  65.195934  65.369641  65.513477 
 89.833221  89.683218  89.920678  89.983225  89.745765  89.683218 
 80.686040  80.741932  80.820117  80.630149  80.551964  80.741932 
 59.704742  59.673386  59.864774  59.736099  59.544711  59.673386 
 91.302478  91.459455  91.298611  91.145501  91.306344  91.459455 
 85.328217  85.296906  85.488247  85.359527  85.168186  85.296906 
 82.332808  82.489794  82.328895  82.175822  82.336722  82.489794 
 98.809662  98.728052  98.961930  98.891271  98.657393  98.728052 
 94.976037  95.113750  95.025426  94.838324  94.926647  95.113750 
 95.279846  95.127180  95.360329  95.432513  95.199364  95.127180 
 61.096208  61.144353  61.234583  61.048064  60.957833  61.144353 
 90.306549  90.148657  90.366931  90.464441  90.246167  90.148657 
 88.336805  88.363171  88.485058  88.310439  88.188552  88.363171 
 59.140778  58.980943  59.184467  59.300613  59.097088  58.980943 
 80.075022  80.083841  80.229023  80.066204  79.921022  80.083841 
 85.267792  85.108509  85.318302  85.427075  85.217282  85.108509 
 93.537909  93.553843  93.689810  93.521975  93.386009  93.553843 
 90.793304  90.718175  90.947701  90.868434  90.638908  90.718175 
 66.511541  66.652894  66.553810  66.370189  66.469273  66.652894 
 68.986664  68.830357  69.054677  69.142970  68.918651  68.830357 
 79.629799  79.664343  79.774710  79.595255  79.484888  79.664343 
 99.079895  98.922595  99.143391  99.237196  99.016399  98.922595 
 68.953750  68.983441  69.100697  68.924059  68.806804  68.983441 
 99.716034  99.675513  99.876016  99.756555  99.556052  99.675513 
 63.115548  63.270413  63.121086  62.960683  63.110011  63.270413 
 60.174713  60.028090  60.269572  60.321336  60.079855  60.028090 
 96.401124  96.465364  96.530070  96.336885  96.272179  96.465364 
 91.807098  91.718243  91.956509  91.895953  91.657688  91.718243 
 71.133296  71.266449  71.190755  71.000143  71.075837  71.266449 
 80.668793  80.625665  80.828659  80.711921  80.508927  80.625665 
 91.723484  91.877643  91.731720  91.569325  91.715248  91.877643 
 58.899078  58.745208  58.975924  59.052949  58.822233  58.745208 
 86.552185  86.596331  86.692613  86.508040  86.411758  86.596331 
 83.987122  83.896065  84.135556  84.078178  83.838687  83.896065 
 95.356060  95.487718  95.415996  95.224403  95.296125  95.487718 
 80.880280  80.750273  80.999938  81.010286  80.760621  80.750273 
 76.081051  76.174450  76.187385  75.987653  75.974718  76.174450 
 57.126617  57.044424  57.278675  57.208811  56.974560  57.044424 
 90.276042  90.413407  90.326077  90.138677  90.226007  90.413407 
 94.012604  93.884910  94.134816  94.140297  93.890391  93.884910 
 71.082999  71.179536  71.186387  70.986462  70.979611  71.179536 
 73.014984  72.889582  73.139580  73.140386  72.890388  72.889582 
106.812647 106.912143 106.913150 106.713151 106.712144 106.912143 
 72.571869  72.412033  72.598369  72.731705  72.545368  72.412033 
 58.313096  58.304296  58.470965  58.321896  58.155227  58.304296 
 68.733215  68.691013  68.893128  68.775418  68.573303  68.691013 
106.542532 106.696947 106.549810 106.388118 106.535255 106.696947 
 74.314117  74.287672  74.473950  74.340563  74.154284  74.287672 
 55.507629  55.665508  55.498773  55.349751  55.516485  55.665508 
 89.071198  88.935631  89.184007  89.206764  88.958388  88.935631 
 56.502396  56.587524  56.615970  56.417269  56.388822  56.587524 
 82.800446  82.707439  82.947971  82.893452  82.652920  82.707439 
 87.418415  87.548702  87.480554  87.288128  87.356276  87.548702 
 97.033844  96.954467  97.186890  97.113221  96.880798  96.954467 
 69.911260  70.050272  69.958186  69.772248  69.864334  70.050272 
 73.310394  73.217492  73.457970  73.403297  73.162819  73.217492 
102.608173 102.738535 102.670193 102.477811 102.546152 102.738535 
 93.579559  93.510840  93.735695  93.648279  93.423423  93.510840 
 65.125574  65.270151  65.160881  64.980996  65.090267  65.270151 
 98.202057  98.072257  98.321950  98.331857  98.082164  98.072257 
 98.399973  98.493659  98.506042  98.306287  98.293904  98.493659 
 66.609955  66.517293  66.757644  66.702617  66.462265  66.517293 
108.045860 108.176393 108.107608 107.915327 107.984112 108.176393 
 68.661041  68.501085  68.702253  68.820997  68.619829  68.501085 
 57.893952  57.900205  58.048635  57.887700  57.739270  57.900205 
 98.309479  98.177792  98.427179  98.441166  98.191778  98.177792 
105.743366 105.834379 105.851862 105.652352 105.634869 105.834379 
 93.238831  93.078899  93.267253  93.398762  93.210408  93.078899 
 65.986215  65.979363  66.143750  65.993067  65.828680  65.979363 
 90.427399  90.354524  90.582447  90.500274  90.272350  90.354524 
 61.520940  61.663468  61.560751  61.378412  61.481129  61.663468 
 70.322723  70.205018  70.454407  70.440429  70.191040  70.205018 
 59.399143  59.507635  59.490163  59.290652  59.308124  59.507635 
 93.099518  92.954092  93.196714  93.244944  93.002322  92.954092 
 87.146438  87.213342  87.273630  87.079533  87.019245  87.213342 
 75.371552  75.345968  75.531334  75.397135  75.211769  75.345968 
 87.146438  87.304458  87.136710  86.988417  87.156166  87.304458 
 57.170258  57.010355  57.198055  57.330161  57.142460  57.010355 
 86.194516  86.187031  86.352163  86.202002  86.036870  86.187031 
 71.470795  71.311366  71.519842  71.630224  71.421747  71.311366 
 57.381666  57.396068  57.534045  57.367264  57.229287  57.396068 
 68.778534  68.724002  68.937337  68.833066  68.619731  68.724002 
103.006825 103.157328 103.026989 102.856321 102.986660 103.157328 
 97.898254  97.822724  98.052531  97.973785  97.743978  97.822724 
 64.572304  64.713443  64.615011  64.431165  64.529598  64.713443 
 66.297760  66.264501  66.457827  66.331019  66.137693  66.264501 
106.481058 106.637643 106.479134 106.324473 106.482982 106.637643 
 76.768036  76.616750  76.852291  76.919322  76.683781  76.616750 
100.206947 100.259269 100.343057 100.154625 100.070836 100.259269 
 87.886200  87.827322  88.044351  87.945078  87.728049  87.827322 
 94.772985  94.921842  94.797751  94.624128  94.748220  94.921842 
 58.231049  58.162032  58.387111  58.300066  58.074986  58.162032 
 78.640621  78.785056  78.676249  78.496185  78.604992  78.785056 
109.669342 109.509821 109.691347 109.828864 109.647337 109.509821 
 75.045301  75.031964  75.203860  75.058639  74.886743  75.031964 
 60.797424  60.702027  60.943777  60.892822  60.651072  60.702027 
103.286254 103.414801 103.351107 103.157707 103.221401 103.414801 
 57.972565  57.833943  58.081097  58.111187  57.864032  57.833943 
 58.396925  58.476980  58.514593  58.316869  58.279257  58.476980 
 70.101166  69.981173  70.230878  70.221159  69.971454  69.981173 
 76.487155  76.593111  76.580962  76.381198  76.393347  76.593111 
 99.947662  99.858523 100.096949 100.036802  99.798375  99.858523 
105.933377 106.066340 105.991156 105.800414 105.875599 106.066340 
 84.591370  84.437751  84.669006  84.744989  84.513733  84.437751 
 56.331013  56.376027  56.471004  56.286000  56.191022  56.376027 
 61.312714  61.278983  61.472785  61.346445  61.152642  61.278983 
 70.961913  71.118397  70.960471  70.805429  70.963355  71.118397 
 81.568451  81.438345  81.687996  81.698557  81.448905  81.438345 
 66.835679  66.928939  66.942139  66.742418  66.729218  66.928939 
 88.252106  88.127117  88.377117  88.377094  88.127094  88.127117 
109.154262 109.254276 109.254248 109.054248 109.054276 109.254276 
 55.587463  55.521439  55.744228  55.653487  55.430699  55.521439 
 81.982591  82.128419  82.014993  81.836763  81.950188  82.128419 
 66.329651  66.175990  66.407158  66.483312  66.252144  66.175990 
 83.886433  83.931304  84.026496  83.841562  83.746370  83.931304 
 86.476288  86.387982  86.625933  86.564594  86.326642  86.387982 
 87.323409  87.456927  87.380253  87.189892  87.266566  87.456927 
109.387360 109.243032 109.486595 109.531687 109.288124 109.243032 
 58.782537  58.851779  58.908144  58.713294  58.656929  58.851779 
 62.521210  62.441133  62.674017  62.601287  62.368403  62.441133 
108.560009 108.698619 108.607707 108.421400 108.512312 108.698619 
 63.921051  63.866941  64.079910  63.975161  63.762192  63.866941 
 96.194347  96.345003  96.214067  96.043692  96.174627  96.345003 
 95.399017  95.301818  95.544441  95.496217  95.253593  95.301818 
 70.308049  70.435239  70.374959  70.180860  70.241140  70.435239 
 66.670380  66.576208  66.817342  66.764551  66.523417  66.576208 
 59.017257  59.146705  59.080716  58.887809  58.953798  59.146705 
 76.862030  76.820936  77.021991  76.903124  76.702069  76.820936 
 86.060391  86.215104  86.066521  85.905677  86.054260  86.215104 
 63.617249  63.582600  63.777326  63.651897  63.457171  63.582600 
109.074159 109.230442 109.073656 108.917875 109.074661 109.230442 
 72.800140  72.640449  72.846041  72.959832  72.754240  72.640449 
 86.228048  86.239166  86.381404  86.216930  86.074692  86.239166 
 74.695129  74.638818  74.853682  74.751440  74.536576  74.638818 
 61.554472  61.704319  61.576516  61.404625  61.532427  61.704319 
 83.871307  83.740489  83.990032  84.002125  83.752583  83.740489 
 64.902031  64.994289  65.009406  64.809772  64.794655  64.994289 
 81.529846  81.377727  81.611870  81.681965  81.447822  81.377727 
 69.076699  69.126547  69.214166  69.026851  68.939232  69.126547 
 87.330627  87.222829  87.469745  87.438425  87.191510  87.222829 
 90.497722  90.616063  90.576914  90.379381  90.418531  90.616063 
 62.816620  62.769361  62.976207  62.863879  62.657033  62.769361 
107.913597 108.066540 107.926130 107.760654 107.901064 108.066540 
 74.413147  74.253112  74.451923  74.573181  74.374371  74.253112 
101.978526 101.982264 102.133837 101.974789 101.823215 101.982264 
 59.949799  59.919279  60.109807  59.980318  59.789790  59.919279 
 95.594506  95.751648  95.589787  95.437364  95.599226  95.751648 
 89.557953  89.496944  89.715732  89.618962  89.400174  89.496944 
 85.631933  85.779929  85.658967  85.483937  85.604899  85.779929 
106.564178 106.497431 106.720780 106.630926 106.407577 106.497431 
 58.542228  58.687726  58.575408  58.396729  58.509047  58.687726 
 64.713287  64.573137  64.819514  64.853438  64.607060  64.573137 
106.397229 106.474578 106.516983 106.319881 106.277476 106.474578 
107.574615 107.499922 107.729142 107.649309 107.420089 107.499922 
 57.616386  57.757970  57.658179  57.474803  57.574594  57.757970 
 59.892731  59.787006  60.033204  59.998456  59.752258  59.787006 
 83.528764  83.648961  83.605526  83.408568  83.452003  83.648961 
 61.463776  61.409906  61.622666  61.517646  61.304886  61.409906 
 97.742383  97.893125  97.761850  97.591642  97.722917  97.893125 
 63.853912  63.764578  64.003115  63.943247  63.704710  63.764578 
100.087724 100.220556 100.145721  99.954892 100.029727 100.220556 
 77.160797  77.000800  77.200897  77.320794  77.120697  77.000800 
 89.760030  89.765133  89.915004  89.754927  89.605056  89.765133 
 99.763031  99.716222  99.922654  99.809840  99.603408  99.716222 
104.033261 104.186342 104.045325 103.880179 104.021196 104.186342 
 85.966034  85.805964  85.999570  86.126104  85.932498  85.805964 
 87.124083  87.122442  87.280609  87.125725  86.967558  87.122442 
 82.582245  82.476941  82.722985  82.687549  82.441505  82.476941 
 99.925655 100.046220 100.001925  99.805090  99.849385 100.046220 
 91.276703  91.211180  91.433578  91.342226  91.119828  91.211180 
 78.197260  78.343314  78.229124  78.051206  78.165396  78.343314 
 55.673065  55.640550  55.833121  55.705580  55.513010  55.640550 
 71.127707  71.284449  71.125023  70.970966  71.130392  71.284449 
 89.799652  89.639866  89.844156  89.959438  89.755149  89.639866 
 90.698911  90.708575  90.852679  90.689247  90.545144  90.708575 
 85.704193  85.555448  85.794563  85.852938  85.613824  85.555448 
 66.267507  66.326668  66.399637  66.208346  66.135377  66.326668 
 81.299896  81.139826  81.333475  81.459966  81.266317  81.139826 
 87.627055  87.625458  87.783572  87.628653  87.470539  87.625458 
 69.641266  69.492952  69.732586  69.789580  69.549946  69.492952 
 67.053633  67.113866  67.185108  66.993401  66.922159  67.113866 
 69.691620  69.608697  69.843409  69.774543  69.539831  69.608697 
 82.131620  82.268546  82.182463  81.994693  82.080776  82.268546 
 84.629974  84.570110  84.787957  84.689839  84.471991  84.570110 
104.720656 104.869119 104.746471 104.572193 104.694841 104.869119 
 68.043365  68.021809  68.202849  68.064922  67.883882  68.021809 
 62.767193  62.925813  62.753405  62.608573  62.780982  62.925813 
 85.287933  85.129459  85.344771  85.446408  85.231096  85.129459 
 73.648157  73.670759  73.797804  73.625555  73.498509  73.670759 
 92.303925  92.199539  92.445240  92.408311  92.162609  92.199539 
 63.169571  63.290932  63.244771  63.048210  63.094371  63.290932 
 77.509918  77.356010  77.586643  77.663827  77.433193  77.356010 
 77.366424  77.410438  77.506917  77.322411  77.225932  77.410438 
 56.619720  56.598278  56.779194  56.641163  56.460247  56.598278 
101.967349 102.125985 101.953446 101.808714 101.981252 102.125985 
 76.539764  76.455130  76.690904  76.624399  76.388625  76.455130 
 67.798777  67.934652  67.851521  67.662902  67.746033  67.934652 
 78.275299  78.163453  78.411580  78.387145  78.139018  78.163453 
 78.037054  78.151577  78.121033  77.922531  77.953075  78.151577 
 69.157867  69.045743  69.293944  69.269992  69.021791  69.045743 
 98.718522  98.832772  98.802832  98.604271  98.634212  98.832772 
 81.890717  81.811928  82.043959  81.969505  81.737474  81.811928 
105.985537 106.124884 106.031816 105.846191 105.939259 106.124884 
 92.935028  92.885518  93.094412  92.984538  92.775644  92.885518 
 90.862843  91.015072  90.877729  90.710614  90.847956  91.015072 
 95.449371  95.313314  95.561522  95.585428  95.337221  95.313314 
 60.509407  60.593749  60.623632  60.425066  60.395183  60.593749 
 80.326385  80.167086  80.345973  80.485685  80.306798  80.167086 
 91.458958  91.443192  91.617833  91.474723  91.300083  91.443192 
 73.330536  73.218286  73.466520  73.442786  73.194552  73.218286 
 78.892107  79.006234  78.976566  78.777980  78.807647  79.006234 
 79.198456  79.041575  79.263951  79.355337  79.132961  79.041575 
 80.656235  80.688069  80.802301  80.624400  80.510168  80.688069 
 91.471405  91.442222  91.631368  91.500588  91.311442  91.442222 
100.735999 100.893395 100.729919 100.578603 100.742078 100.893395 
100.420990 100.343918 100.574789 100.498062 100.267191 100.343918 
 69.207099  69.347402  69.251494  69.066796  69.162705  69.347402 
 58.311615  58.287597  58.471293  58.335633  58.151937  58.287597 
 72.755847  72.914113  72.744538  72.597581  72.767156  72.914113 
 76.749573  76.589848  76.774257  76.909297  76.724888  76.589848 
 73.877288  73.866652  74.035452  73.887925  73.719125  73.866652 
 76.942596  76.853417  77.091866  77.031776  76.793327  76.853417 
 98.679402  98.812338  98.737225  98.546466  98.621578  98.812338 
109.021454 108.861719 109.066733 109.181189 108.976175 108.861719 
 69.156802  69.167273  69.310343  69.146331  69.003261  69.167273 
 28.575897  28.557189  28.735107  28.594605  28.416687  28.557189 
 87.274975  87.433956  87.258329  87.115994  87.291621  87.433956 
 29.975739  29.914481  30.133472  30.036996  29.818005  29.914481 
 73.799048  73.946942  73.826347  73.651155  73.771749  73.946942 
 13.536835  13.396973  13.643506  13.676697  13.430163  13.396973 
 98.092601  98.170470  98.211958  98.014732  97.973244  98.170470 
 19.290619  19.145188  19.387806  19.436050  19.193432  19.145188 
 95.845992  95.912887  95.973192  95.779098  95.718793  95.912887 
  7.151947   7.070778   7.304373   7.233116   6.999521   7.070778 
107.533574 107.671547 107.582476 107.395600 107.484672 107.671547 
 15.755768  15.624848  15.874373  15.886688  15.637162  15.624848 
100.613050 100.705164 100.720557 100.520937 100.505543 100.705164 
 20.767670  20.619322  20.858917  20.916017  20.676423  20.619322 
 75.743874  75.804024  75.875399  75.683724  75.612348  75.804024 
 46.778870  46.735285  46.938711  46.822454  46.619029  46.735285 
 86.000779  86.154810  86.009489  85.846748  85.992069  86.154810 
 11.180267  11.087026  11.327681  11.273509  11.032854  11.087026 
 63.204965  63.335085  63.267370  63.074846  63.142561  63.335085 
 42.643127  42.598692  42.802918  42.687563  42.483337  42.598692 
 92.101644  92.255431  92.111238  91.947857  92.092051  92.255431 
 10.079193   9.922545  10.145735  10.235841  10.012651   9.922545 
 76.734915  76.767875  76.880508  76.701955  76.589323  76.767875 
  7.148590   7.089219   7.306658   7.207961   6.990522   7.089219 
108.941896 109.090557 108.967186 108.793235 108.916605 109.090557 
 10.314178  10.289725  10.473887  10.338632  10.154470  10.289725 
 59.156971  59.315171  59.146102  58.998772  59.167841  59.315171 
 29.844818  29.684759  29.877524  30.004877  29.812112  29.684759 
107.902420 107.899930 108.059121 107.904910 107.745719 107.899930 
 41.976776  41.884695  42.124738  42.068858  41.828814  41.884695 
 58.829108  58.960051  58.890200  58.698165  58.768016  58.960051 
 54.122162  54.087333  54.282240  54.156991  53.962084  54.087333 
 55.993836  56.150079  55.993518  55.837592  55.994153  56.150079 
 10.962067  10.817998  11.061769  11.106136  10.862365  10.817998 
 59.516503  59.586282  59.641741  59.446724  59.391265  59.586282 
 41.944885  41.847192  42.090048  42.042578  41.799722  41.847192 
 58.387610  58.514422  58.455084  58.260799  58.320137  58.514422 
 49.388885  49.340577  49.548382  49.437194  49.229389  49.340577 
 95.650392  95.803007  95.664022  95.497777  95.636762  95.803007 
 43.327942  43.309446  43.487130  43.346437  43.168754  43.309446 
 95.968941  96.127947  95.952082  95.809935  95.985800  96.127947 
 31.632385  31.516409  31.765491  31.748361  31.499280  31.516409 
 57.186066  57.296404  57.274992  57.075727  57.097139  57.296404 
  4.714813   4.565115   4.802996   4.864511   4.626631   4.565115 
103.357042 103.413747 103.490642 103.300337 103.223443 103.413747 
 44.648895  44.489226  44.672790  44.808565  44.625001  44.489226 
106.984030 106.972596 107.142315 106.995464 106.825745 106.972596 
 38.086090  38.067955  38.245239  38.104225  37.926941  38.067955 
 88.105810  88.264858  88.088590  87.946763  88.123031  88.264858 
  5.698395   5.601733   5.844100   5.795056   5.552689   5.601733 
 71.384782  71.512381  71.451076  71.257183  71.318488  71.512381 
 28.555756  28.410533  28.653336  28.700979  28.458176  28.410533 
 67.646023  67.713367  67.772921  67.578678  67.519125  67.713367 
  7.125092   6.970595   7.199886   7.279588   7.050297   6.970595 
 91.064032  91.105934  91.205562  91.022129  90.922501  91.105934 
 26.682587  26.583021  26.826731  26.782153  26.538442  26.583021 
 67.355417  67.480763  67.425039  67.230071  67.285794  67.480763 
 34.237366  34.181695  34.396011  34.293036  34.078720  34.181695 
 80.635743  80.785829  80.657110  80.485657  80.614376  80.785829 
 36.170959  36.079849  36.319369  36.262070  36.022550  36.079849 
 67.277177  67.408797  67.337173  67.145557  67.217180  67.408797 
 51.329193  51.183437  51.425756  51.474950  51.232630  51.183437 
 99.187963  99.254144  99.315636  99.121781  99.060289  99.254144 
 44.759674  44.603677  44.828957  44.915671  44.690391  44.603677 
109.057393 109.093309 109.201701 109.021477 108.913085 109.093309 
 32.543793  32.428909  32.677767  32.658677  32.409818  32.428909 
 68.905316  69.016791  68.992928  68.793841  68.817704  69.016791 
 17.330170  17.170153  17.369618  17.490186  17.290721  17.170153 
 91.671324  91.675755  91.826465  91.666893  91.516183  91.675755 
 22.501526  22.443582  22.659829  22.559469  22.343223  22.443582 
108.520889 108.670113 108.544663 108.371666 108.497115 108.670113 
 50.342255  50.192851  50.431126  50.491658  50.253383  50.192851 
 75.676811  75.734288  75.809953  75.619333  75.543669  75.734288 
 28.418121  28.265371  28.498362  28.570872  28.337880  28.265371 
 55.960304  56.008183  56.098819  55.912426  55.821789  56.008183 
 47.262268  47.102611  47.286000  47.421926  47.238536  47.102611 
 62.612576  62.600979  62.770885  62.624173  62.454267  62.600979 
 54.011383  53.851737  54.057888  54.171030  53.964879  53.851737 
 76.248709  76.260455  76.401883  76.236962  76.095535  76.260455 
 17.278137  17.225352  17.437163  17.330922  17.119111  17.225352 
 56.435333  56.586458  56.453657  56.284208  56.417010  56.586458 
 32.751923  32.662476  32.901076  32.841369  32.602769  32.662476 
 80.745652  80.878408  80.803775  80.612896  80.687528  80.878408 
 32.510223  32.482717  32.670112  32.537730  32.350334  32.482717 
107.246693 107.404391 107.238913 107.088996 107.254474 107.404391 
 33.054047  32.961954  33.202003  33.146139  32.906090  32.961954 
 81.311961  81.442896  81.373066  81.181027  81.250856  81.442896 
 15.597992  15.509760  15.747669  15.686224  15.448315  15.509760 
 79.890599  80.024166  79.947359  79.757032  79.833839  80.024166 
 37.686615  37.569802  37.819039  37.803428  37.554191  37.569802 
 88.837914  88.947366  88.927853  88.728463  88.747976  88.947366 
  3.455963   3.415275   3.615939   3.496652   3.295987   3.415275 
 77.509865  77.664685  77.515576  77.355044  77.504154  77.664685 
 16.969299  16.820059  17.058546  17.118540  16.880053  16.820059 
 93.629189  93.687088  93.762081  93.571291  93.496298  93.687088 
 13.692932  13.561678  13.811146  13.824186  13.574718  13.561678 
 70.350895  70.442532  70.458833  70.259258  70.242957  70.442532 
 18.646088  18.580981  18.803052  18.711195  18.489123  18.580981 
 79.562736  79.708976  79.594154  79.416496  79.531318  79.708976 
 48.197174  48.113219  48.348575  48.281130  48.045774  48.113219 
107.125608 107.261903 107.177597 106.989312 107.073618 107.261903 
 20.136566  20.084984  20.295733  20.188148  19.977400  20.084984 
101.546343 101.697883 101.563402 101.394803 101.529284 101.697883 
  6.587982   6.495209   6.735619   6.680755   6.440346   6.495209 
 99.184237  99.314690  99.246111  99.053783  99.122363  99.314690 
 54.558563  54.420268  54.667574  54.696858  54.449552  54.420268 
104.230724 104.311343 104.347948 104.150104 104.113499 104.311343 
 32.285309  32.253431  32.445352  32.317187  32.125265  32.253431 
 70.811021  70.967893  70.807687  70.654149  70.814356  70.967893 
 31.973114  31.819176  32.049743  32.127052  31.896485  31.819176 
 57.301563  57.345472  57.442108  57.257654  57.161018  57.345472 
 15.666809  15.511045  15.737013  15.822573  15.596605  15.511045 
 95.030060  95.066972  95.173922  94.993148  94.886197  95.066972 
  2.180328   2.027827   2.261282   2.332830   2.099374   2.027827 
 99.748683  99.797348  99.886783  99.700018  99.610584  99.797348 
 28.020325  27.943627  28.174242  28.097022  27.866408  27.943627 
 61.873021  62.013529  61.917005  61.732513  61.829037  62.013529 
  2.002411   1.842380   2.041333   2.162442   1.963489   1.842380 
100.523633 100.527521 100.678907 100.519745 100.368359 100.527521 
  3.380432   3.330547   3.539779   3.430317   3.221085   3.330547 
101.792240 101.944347 101.807519 101.640133 101.776961 101.944347 
 40.976410  40.816637  41.021117  41.136183  40.931702  40.816637 
 83.659164  83.669041  83.812873  83.649288  83.505456  83.669041 
 32.411194  32.254518  32.477613  32.567870  32.344774  32.254518 
 74.918627  74.951455  75.064275  74.885799  74.772978  74.951455 
  2.740936   2.714113   2.900790   2.767760   2.581083   2.714113 
 75.313553  75.471368  75.305080  75.155738  75.322026  75.471368 
 51.510468  51.373348  51.621156  51.647587  51.399779  51.373348 
 64.376704  64.459308  64.492346  64.294101  64.261062  64.459308 
 23.011780  22.921769  23.160684  23.101791  22.862875  22.921769 
 97.474132  97.606506  97.532890  97.341757  97.415374  97.606506 
 21.076508  21.038075  21.236550  21.114940  20.916465  21.038075 
100.557164 100.712560 100.560548 100.401768 100.553780 100.712560 
 33.618011  33.544524  33.772887  33.691499  33.463136  33.544524 
104.711341 104.853554 104.751819 104.569128 104.670863 104.853554 
 47.992401  47.915060  48.146115  48.069742  47.838687  47.915060 
 60.097715  60.237870  60.142404  59.957561  60.053027  60.237870 
 42.809296  42.778857  42.969302  42.839734  42.649290  42.778857 
 87.837559  87.994716  87.832757  87.680401  87.842360  87.994716 
 19.569244  19.440285  19.690078  19.698204  19.448410  19.440285 
 73.482362  73.577201  73.587358  73.387523  73.377366  73.577201 
 40.816956  40.663549  40.895248  40.970362  40.738663  40.663549 
 86.993683  87.039417  87.133309  86.947950  86.854058  87.039417 
 26.252899  26.094618  26.310977  26.411181  26.194822  26.094618 
 65.077139  65.101056  65.226310  65.053223  64.927968  65.101056 
 43.556213  43.449958  43.696345  43.662469  43.416081  43.449958 
107.796237 107.915965 107.873619 107.676509 107.718855 107.915965 
 13.456268  13.424705  13.616305  13.487832  13.296232  13.424705 
 83.539941  83.696877  83.536286  83.383006  83.543597  83.696877 
 52.619934  52.598772  52.779382  52.641096  52.460486  52.598772 
 64.691527  64.850201  64.677342  64.532854  64.705713  64.850201 
 13.907776  13.803648  14.049251  14.011903  13.766301  13.803648 
108.383038 108.504621 108.457937 108.261455 108.308139 108.504621 
 38.905182  38.747680  38.967661  39.062684  38.842703  38.747680 
 84.316754  84.345357  84.464136  84.288151  84.169372  84.345357 
  4.976654   4.949429   5.136529   5.003879   4.816779   4.949429 
 83.422581  83.580327  83.414515  83.264835  83.430648  83.580327 
 17.397308  17.244421  17.477152  17.550195  17.317464  17.244421 
 78.774746  78.822187  78.913491  78.727306  78.636002  78.822187 
  3.002777   2.843126   3.026419   3.162428   2.979135   2.843126 
 87.945604  87.933916  88.103927  87.957293  87.787282  87.933916 
 42.047272  41.887263  42.077793  42.207280  42.016750  41.887263 
 88.793206  88.788488  88.950347  88.797923  88.636064  88.788488 
 25.705719  25.553939  25.788668  25.857499  25.622770  25.553939 
 86.775729  86.826601  86.912639  86.724857  86.638818  86.826601 
 16.405334  16.278237  16.528181  16.532431  16.282488  16.278237 
 80.753103  80.850424  80.855737  80.655782  80.650469  80.850424 
 36.340485  36.297472  36.500357  36.383497  36.180612  36.297472 
 60.190858  60.345050  60.198975  60.036667  60.182742  60.345050 
 50.901184  50.760283  51.006234  51.042085  50.796134  50.760283 
107.626717 107.702691 107.747504 107.550743 107.505930 107.702691 
 34.425354  34.373797  34.584523  34.476911  34.266185  34.373797 
 71.217125  71.368673  71.234158  71.065576  71.200092  71.368673 
 14.382782  14.323640  14.540888  14.441924  14.224676  14.323640 
 57.135769  57.284521  57.160816  56.987017  57.110722  57.284521 
 23.976898  23.874318  24.119310  24.079479  23.834487  23.874318 
108.219106 108.341997 108.292208 108.096215 108.146004 108.341997 
 15.087738  14.927661  15.123500  15.247815  15.051976  14.927661 
 57.390980  57.391619  57.547013  57.390342  57.234948  57.391619 
 52.168427  52.144452  52.328102  52.192401  52.008751  52.144452 
 66.852445  67.010717  66.841092  66.694172  66.863797  67.010717 
 11.705627  11.684747  11.865050  11.726508  11.546204  11.684747 
 71.351251  71.509961  71.336783  71.192540  71.365718  71.509961 
 49.905853  49.770951  50.019541  50.040756  49.792166  49.770951 
 63.001914  63.088090  63.114609  62.915737  62.889218  63.088090 
 24.085999  24.013644  24.241192  24.158353  23.930806  24.013644 
 77.426036  77.568829  77.465281  77.283243  77.386792  77.568829 
 16.423798  16.374914  16.583242  16.472681  16.264353  16.374914 
 63.674406  63.826838  63.688637  63.521974  63.660175  63.826838 
 12.439117  12.392527  12.598757  12.485707  12.279477  12.392527 
 60.013887  60.167035  60.025722  59.860739  60.002051  60.167035 
 28.122711  27.962634  28.157282  28.282788  28.088141  27.962634 
105.871903 105.871320 106.028204 105.872486 105.715602 105.871320 
 44.534760  44.444741  44.683660  44.624779  44.385859  44.444741 
108.219106 108.351475 108.277873 108.086737 108.160339 108.351475 
 43.583069  43.472443  43.720232  43.693695  43.445905  43.472443 
 58.598113  58.713815  58.680643  58.482412  58.515584  58.713815 
 20.196991  20.126564  20.352698  20.267418  20.041284  20.126564 
 56.697997  56.841750  56.735150  56.554243  56.660843  56.841750 
 37.263641  37.126840  37.374772  37.400443  37.152511  37.126840 
101.741943 101.825072 101.857160 101.658815 101.626726 101.825072 
 16.940765  16.871267  17.096709  17.010264  16.784822  16.871267 
 85.808904  85.953109  85.845053  85.664700  85.772756  85.953109 
  3.600311   3.553200   3.759910   3.647423   3.440713   3.553200 
 69.518197  69.671185  69.530576  69.365208  69.505817  69.671185 
  5.701752   5.554029   5.794344   5.849474   5.609159   5.554029 
 88.502600  88.564269  88.633182  88.440930  88.372018  88.564269 
 34.960785  34.813103  35.053462  35.108467  34.868108  34.813103 
 79.680096  79.741861  79.810618  79.618331  79.549574  79.741861 
 39.071350  38.916093  39.143470  39.226607  38.999230  38.916093 
 92.917577  92.956567  93.060489  92.878587  92.774665  92.956567 
 17.397308  17.252960  17.496507  17.541656  17.298110  17.252960 
 97.220783  97.289983  97.346420  97.151583  97.095146  97.289983 
 32.357483  32.198605  32.411448  32.516361  32.303518  32.198605 
 69.244356  69.263923  69.395064  69.224790  69.093649  69.263923 
 16.249237  16.131378  16.380791  16.367096  16.117683  16.131378 
 83.774662  83.882987  83.865867  83.666337  83.683456  83.882987 
 23.543854  23.430721  23.679178  23.656986  23.408530  23.430721 
 99.070602  99.183854  99.156115  98.957350  98.985089  99.183854 
 42.070770  41.919599  42.155321  42.221942  41.986219  41.919599 
 96.769971  96.822622  96.905898  96.717320  96.634044  96.822622 
  2.035980   1.887160   2.126181   2.184800   1.945780   1.887160 
105.167742 105.226713 105.299988 105.108771 105.035496 105.226713 
  2.324677   2.272340   2.483756   2.377013   2.165597   2.272340 
 59.432675  59.583955  59.450527  59.281394  59.414822  59.583955 
 28.914948  28.858386  29.073463  28.971509  28.756432  28.858386 
 68.379990  68.529742  68.402299  68.230237  68.357680  68.529742 
 41.432953  41.297236  41.545562  41.568670  41.320344  41.297236 
 82.036614  82.121501  82.150386  81.951726  81.922841  82.121501 
 15.396576  15.260380  15.508538  15.532772  15.284614  15.260380 
 79.404393  79.488510  79.518803  79.320276  79.289983  79.488510 
 29.240570  29.090198  29.327132  29.390943  29.154008  29.090198 
 87.502244  87.557136  87.636899  87.447352  87.367588  87.557136 
 43.091278  42.965407  43.215397  43.217149  42.967159  42.965407 
106.022795 106.121696 106.123886 105.923893 105.921704 106.121696 
 47.307587  47.262876  47.467360  47.352297  47.147814  47.262876 
106.728818 106.882526 106.738698 106.575111 106.718939 106.882526 
 46.921539  46.761558  46.951216  47.081520  46.891862  46.761558 
 81.474030  81.468453  81.631333  81.479607  81.316727  81.468453 
 12.304840  12.260165  12.464615  12.349515  12.145065  12.260165 
 83.254924  83.408642  83.264766  83.101206  83.245081  83.408642 
 18.790436  18.730791  18.948457  18.850080  18.632415  18.730791 
 78.595912  78.744463  78.621493  78.447360  78.570331  78.744463 
 26.373749  26.310605  26.531120  26.436893  26.216378  26.310605 
 82.848820  82.995918  82.878135  82.701723  82.819506  82.995918 
 17.125397  17.072310  17.284386  17.178483  16.966408  17.072310 
 64.030212  64.181231  64.048853  63.879193  64.011571  64.181231 
  7.964325   7.917816   8.123971   8.010834   7.804679   7.917816 
 63.722840  63.876013  63.734592  63.569668  63.711089  63.876013 
 43.010712  42.863849  43.105086  43.157574  42.916338  42.863849 
 99.245711  99.309400  99.375011  99.182022  99.116411  99.309400 
 10.495453  10.336538  10.549129  10.654368  10.441777  10.336538 
 90.436248  90.455510  90.587059  90.416986  90.285437  90.455510 
  5.379486   5.227116   5.460810   5.531857   5.298162   5.227116 
103.873055 103.922129 104.010936 103.823981 103.735173 103.922129 
 28.866272  28.717137  28.955760  29.015407  28.776784  28.717137 
 87.921387  87.979557  88.054116  87.863217  87.788659  87.979557 
  0.179596   0.091513   0.329336   0.267679   0.029856   0.091513 
 71.071822  71.205487  71.128415  70.938157  71.015228  71.205487 
 19.837799  19.758917  19.991011  19.916681  19.684588  19.758917 
 94.979763  95.119056  95.026144  94.840469  94.933381  95.119056 
 53.326569  53.303671  53.486163  53.349466  53.166975  53.303671 
 57.253129  57.411561  57.240690  57.094697  57.265568  57.411561 
 17.148895  17.010021  17.257055  17.287770  17.040735  17.010021 
 55.462921  55.542538  55.580931  55.383303  55.344910  55.542538 
 39.393616  39.247709  39.489888  39.539522  39.297343  39.247709 
 99.970364 100.036214 100.098257  99.904513  99.842471 100.036214 
 48.873596  48.739412  48.988213  49.007780  48.758979  48.739412 
 76.682755  76.770046  76.794505  76.595464  76.571005  76.770046 
 51.443329  51.284475  51.497479  51.602183  51.389179  51.284475 
 86.811123  86.830885  86.961764  86.791361  86.660482  86.830885 
 30.952606  30.867634  31.103614  31.037579  30.801599  30.867634 
 85.922539  86.058203  85.975659  85.786875  85.869419  86.058203 
  2.297821   2.141899   2.367402   2.453743   2.228240   2.141899 
 91.706718  91.742956  91.850883  91.670480  91.562553  91.742956 
  0.834198   0.683306   0.919463   0.985090   0.748933   0.683306 
 82.729597  82.783043  82.865078  82.676151  82.594117  82.783043 
 44.289703  44.130388  44.339903  44.449019  44.239504  44.130388 
 80.920761  80.936369  81.072764  80.905152  80.768757  80.936369 
 17.853851  17.784353  18.009795  17.923349  17.697908  17.784353 
 75.393656  75.537861  75.429804  75.249451  75.357508  75.537861 
 53.947601  53.787524  53.983331  54.107678  53.911872  53.787524 
 88.806246  88.806851  88.962285  88.805640  88.650206  88.806851 
 50.805511  50.681066  50.931062  50.929957  50.679961  50.681066 
100.573930 100.674619 100.673238 100.473241 100.474622 100.674619 
 39.096527  38.988068  39.235199  39.204986  38.957855  38.988068 
 56.127962  56.245697  56.207931  56.010226  56.047992  56.245697 
 52.364807  52.321035  52.524637  52.408579  52.204977  52.321035 
 64.093549  64.247527  64.102454  63.939572  64.084645  64.247527 
  2.717438   2.605695   2.853795   2.829180   2.581081   2.605695 
 81.406967  81.521591  81.490823  81.292343  81.323111  81.521591 
 43.581390  43.443302  43.690700  43.719479  43.472080  43.443302 
 94.065098  94.146071  94.182044  93.984126  93.948153  94.146071 
 24.005432  23.861431  24.105256  24.149433  23.905609  23.861431 
 99.355620  99.425539  99.480761  99.285701  99.230479  99.425539 
 39.015961  38.910598  39.156664  39.121323  38.875257  38.910598 
 62.862199  62.982713  62.938538  62.741685  62.785861  62.982713 
 51.080780  51.034957  51.240477  51.126603  50.921083  51.034957 
 56.535928  56.689307  56.546965  56.382548  56.524891  56.689307 
  2.292786   2.133967   2.347200   2.451604   2.238371   2.133967 
 87.632644  87.652685  87.783190  87.612603  87.482098  87.652685 
  3.526459   3.471734   3.685236   3.581184   3.367682   3.471734 
 78.510220  78.660654  78.530589  78.359787  78.489852  78.660654 
 36.192780  36.037113  36.263361  36.348446  36.122198  36.037113 
 61.573100  61.610422  61.716778  61.535779  61.429423  61.610422 
 17.504730  17.483884  17.664150  17.525576  17.345310  17.483884 
100.151061 100.309776 100.136558  99.992346 100.165563 100.309776 
 15.215302  15.117718  15.360523  15.312885  15.070080  15.117718 
 64.037664  64.164559  64.105012  63.910768  63.970316  64.164559 
  1.190033   1.037728   1.271542   1.342338   1.108524   1.037728 
 75.201782  75.251059  75.339554  75.152504  75.064009  75.251059 
 49.979706  49.831505  50.071271  50.127907  49.888140  49.831505 
 89.687378  89.747888  89.818682  89.626869  89.556074  89.747888 
 50.359039  50.199568  50.380458  50.518510  50.337620  50.199568 
 80.589172  80.575245  80.747810  80.603098  80.430533  80.575245 
 29.878387  29.849172  30.038351  29.907603  29.718424  29.849172 
 69.959694  70.117084  69.953649  69.802305  69.965740  70.117084 
 30.610199  30.474614  30.722985  30.745784  30.497413  30.474614 
 83.620044  83.705143  83.733642  83.534945  83.506447  83.705143 
 12.026215  11.883935  12.129017  12.168494  11.923412  11.883935 
 84.978069  85.051429  85.100775  84.904709  84.855363  85.051429 
 53.880463  53.721096  53.900740  54.039830  53.860185  53.721096 
 60.246744  60.231671  60.405533  60.261817  60.087956  60.231671 
 45.964813  45.924813  46.124813  46.004814  45.804813  45.924813 
107.460922 107.615922 107.465923 107.305922 107.455922 107.615922 
 37.419739  37.303984  37.553022  37.535494  37.286456  37.303984 
 67.232468  67.343038  67.321128  67.121897  67.143808  67.343038 
 33.821106  33.724278  33.966725  33.917934  33.675487  33.724278 
 72.435435  72.562908  72.501919  72.307962  72.368951  72.562908 
 37.674866  37.532175  37.776975  37.817556  37.572756  37.532175 
 59.419635  59.492191  59.542918  59.347078  59.296352  59.492191 
 18.105621  17.949287  18.173517  18.261956  18.037725  17.949287 
 58.542228  58.576646  58.687194  58.507809  58.397262  58.576646 
  6.383209   6.250667   6.499879   6.515751   6.266540   6.250667 
 98.262121  98.351886  98.371726  98.172357  98.152516  98.351886 
 11.267548  11.112716  11.341191  11.422379  11.193904  11.112716 
 55.379092  55.419739  55.521224  55.338444  55.236959  55.419739 
 12.551575  12.391498  12.586158  12.711652  12.516992  12.391498 
 83.826822  83.826252  83.983120  83.827392  83.670524  83.826252 
  8.316803   8.192272   8.442270   8.441334   8.191336   8.192272 
 97.468543  97.569127  97.567957  97.367959  97.369129  97.569127 
 45.355530  45.216475  45.463422  45.494584  45.247637  45.216475 
 98.925299  99.004602  99.043554  98.845997  98.807044  99.004602 
 12.304840  12.146832  12.364558  12.462848  12.245122  12.146832 
 86.015682  86.041341  86.164204  85.990023  85.867160  86.041341 
 42.856293  42.753376  42.998504  42.959209  42.714082  42.753376 
 85.713899  85.836509  85.787391  85.591289  85.640407  85.836509 
 25.267639  25.179803  25.417484  25.355475  25.117795  25.179803 
 50.818811  50.952639  50.875128  50.684984  50.762495  50.952639 
 36.788635  36.763381  36.948397  36.813889  36.628874  36.763381 
 32.600044  32.758118  32.589983  32.441971  32.610105  32.758118 
  9.538727   9.384633   9.614854   9.692821   9.462600   9.384633 
 53.374655  53.418014  53.515473  53.331296  53.233837  53.418014 
 17.645721  17.518836  17.768791  17.772607  17.522652  17.518836 
 20.798828  20.896425  20.901195  20.701231  20.696461  20.896425 
 10.921783  10.761767  10.961239  11.081800  10.882328  10.761767 
 50.759200  50.763638  50.914339  50.754762  50.604061  50.763638 
 37.632904  37.490577  37.735627  37.775231  37.530181  37.490577 
 46.565903  46.639170  46.688675  46.492635  46.443131  46.639170 
 33.377991  33.226589  33.461943  33.529392  33.294038  33.226589 
 26.106115  26.158101  26.242413  26.054129  25.969818  26.158101 
  7.672272   7.526712   7.769212   7.817832   7.575331   7.526712 
 36.886484  36.953097  37.013872  36.819871  36.759097  36.953097 
 51.706848  51.557656  51.796207  51.856040  51.617490  51.557656 
 28.559501  28.617526  28.692317  28.501477  28.426685  28.617526 
  0.246735   0.201827   0.406495   0.291642   0.086974   0.201827 
  9.513624   9.667274   9.523708   9.359974   9.503540   9.667274 
  2.949066   2.820892   3.070761   3.077240   2.827371   2.820892 
 16.231096  16.326994  16.335093  16.135198  16.127099  16.326994 
 25.571442  25.447332  25.697322  25.695551  25.445561  25.447332 
 10.845569  10.946672  10.944458  10.744466  10.746680  10.946672 
 53.103333  52.956728  53.198228  53.249937  53.008437  52.956728 
 32.333655  32.397937  32.462573  32.269373  32.204737  32.397937 
 22.308502  22.156324  22.390362  22.460680  22.226642  22.156324 
 34.820573  34.870239  34.958137  34.770906  34.683009  34.870239 
 47.656708  47.620921  47.816784  47.692494  47.496631  47.620921 
 19.075683  19.231710  19.076347  18.919656  19.075019  19.231710 
  6.473846   6.319416   6.548864   6.628277   6.398829   6.319416 
 29.382885  29.425031  29.524298  29.340740  29.241473  29.425031 
 40.328522  40.263633  40.485533  40.393410  40.171510  40.263633 
  6.687666   6.834003   6.718849   6.541329   6.656483   6.834003 
 24.191742  24.035398  24.259597  24.348086  24.123887  24.035398 
  5.316601   5.350976   5.461587   5.282227   5.171616   5.350976 
 30.611877  30.522945  30.761254  30.700810  30.462501  30.522945 
 26.253281  26.386383  26.310827  26.120180  26.195735  26.386383 
 47.663422  47.503748  47.687379  47.823095  47.639464  47.503748 
 34.865281  34.853911  35.023557  34.876651  34.707006  34.853911 
 10.099335   9.992532  10.239111  10.206137   9.959559   9.992532 
 53.182780  53.302020  53.260804  53.063540  53.104757  53.302020 
  6.683655   6.569025   6.817829   6.798284   6.549481   6.569025 
  9.481956   9.593692   9.569262   9.370219   9.394649   9.593692 
 29.300995  29.145239  29.371230  29.456751  29.230760  29.145239 
 11.519924  11.556870  11.663772  11.482979  11.376077  11.556870 
 54.451141  54.303527  54.543961  54.598756  54.358321  54.303527 
 25.882572  25.944499  26.012992  25.820645  25.752152  25.944499 
 33.732147  33.587046  33.829957  33.877248  33.634338  33.587046 
 45.327101  45.394708  45.453823  45.259494  45.200380  45.394708 
 13.773499  13.640718  13.889876  13.906279  13.657121  13.640718 
 32.333655  32.423066  32.443570  32.244244  32.223740  32.423066 
 54.565277  54.441248  54.691236  54.689307  54.439318  54.441248 
 37.413673  37.514875  37.512463  37.312472  37.314884  37.514875 
 54.813690  54.681030  54.930215  54.946350  54.697165  54.681030 
 33.864926  33.954515  33.974684  33.775336  33.755167  33.954515 
 13.948059  13.881776  14.104766  14.014342  13.791352  13.881776 
 45.651239  45.796949  45.683920  45.505528  45.618558  45.796949 
 19.075775  18.995613  19.228553  19.155937  18.922998  18.995613 
 13.092178  13.230738  13.139969  12.953617  13.044387  13.230738 
  8.477936   8.407842   8.633728   8.548030   8.322143   8.407842 
 28.565090  28.709006  28.601883  28.421174  28.528297  28.709006 
  4.170990   4.122576   4.330477   4.219404   4.011503   4.122576 
 21.741435  21.894017  21.755175  21.588854  21.727696  21.894017 
  8.239594   8.214969   8.399314   8.264218   8.079873   8.214969 
 47.506647  47.664820  47.495950  47.348474  47.517344  47.664820 
 46.349182  46.210875  46.458176  46.487489  46.240189  46.210875 
 47.583024  47.663623  47.700265  47.502425  47.465783  47.663623 
 20.656891  20.511014  20.753220  20.802768  20.560561  20.511014 
 16.516114  16.582029  16.643964  16.450198  16.388264  16.582029 
 11.549530  11.400554  11.639380  11.698506  11.459680  11.400554 
 48.780843  48.839420  48.913327  48.722266  48.648359  48.839420 
 30.204010  30.050098  30.280724  30.357922  30.127296  30.050098 
 27.693272  27.737273  27.833771  27.649270  27.552773  27.737273 
  2.096405   1.937667   2.151413   2.255143   2.041397   1.937667 
  5.623973   5.644640   5.774303   5.603306   5.473643   5.644640 
 39.767914  39.664818  39.910017  39.871010  39.625811  39.664818 
 31.353791  31.476250  31.427491  31.231332  31.280091  31.476250 
 27.773590  27.613516  27.807558  27.933664  27.739622  27.613516 
  3.718268   3.717068   3.874701   3.719468   3.561835   3.717068 
 18.097229  18.029512  18.253606  18.164946  17.940852  18.029512 
 18.796254  18.941304  18.830479  18.651204  18.762029  18.941304 
 51.362762  51.319872  51.522641  51.405653  51.202884  51.319872 
  1.032024   1.186249   1.040014   0.877799   1.024034   1.186249 
 32.516937  32.357645  32.567363  32.676229  32.466511  32.357645 
 45.880371  45.896217  46.032299  45.864524  45.728442  45.896217 
 22.016449  21.909776  22.156310  22.123122  21.876588  21.909776 
 20.519399  20.638756  20.597270  20.400043  20.441529  20.638756 
 40.137177  40.040233  40.282735  40.234120  39.991618  40.040233 
  0.694847   0.822232   0.761463   0.567462   0.628230   0.822232 
 26.121979  26.096883  26.281730  26.147074  25.962227  26.096883 
 36.579112  36.737211  36.568891  36.421014  36.589333  36.737211 
 32.093964  31.934746  32.112742  32.253181  32.075185  31.934746 
 23.514877  23.498302  23.673850  23.531453  23.355905  23.498302 
 22.748260  22.589514  22.803213  22.907006  22.693308  22.589514 
 27.503260  27.523868  27.653610  27.482652  27.352910  27.523868 
  3.170624   3.018076   3.251445   3.323172   3.089802   3.018076 
 46.752189  46.800708  46.890366  46.703670  46.614012  46.800708 
 20.915375  20.755342  20.946794  21.075408  20.883955  20.755342 
 38.168132  38.164329  38.325096  38.171934  38.011167  38.164329 
 31.805267  31.772651  31.965325  31.837884  31.645210  31.772651 
  4.826669   4.983389   4.824088   4.669949   4.829250   4.983389 
 37.559052  37.460705  37.703864  37.657399  37.414239  37.460705 
 12.827652  12.953956  12.895874  12.701347  12.759429  12.953956 
 20.146637  20.105205  20.306584  20.188069  19.986690  20.105205 
 14.651391  14.806015  14.657871  14.496768  14.644912  14.806015 
 40.857239  40.772964  41.008517  40.941513  40.705960  40.772964 
 37.836543  37.972641  37.888886  37.700444  37.784199  37.972641 
 20.804596  20.706735  20.949669  20.902457  20.659522  20.706735 
  0.937018   1.063700   1.004684   0.810337   0.869352   1.063700 
 38.351288  38.280901  38.507005  38.421675  38.195571  38.280901 
 40.129723  40.273496  40.166833  39.985950  40.092613  40.273496 
 20.715637  20.630587  20.866614  20.800687  20.564660  20.630587 
 37.836543  37.972158  37.889749  37.700927  37.783336  37.972158 
 24.846344  24.723881  24.973803  24.968807  24.718885  24.723881 
  8.045691   8.148782   8.142537   7.942600   7.948844   8.148782 
 12.529755  12.471849  12.688064  12.587660  12.371446  12.471849 
 41.873359  42.022597  41.897093  41.724122  41.849625  42.022597 
 43.363190  43.209065  43.439217  43.517315  43.287163  43.209065 
 23.118088  23.161338  23.258960  23.074839  22.977216  23.161338 
  2.985992   2.834196   3.068896   3.137789   2.903089   2.834196 
 10.703992  10.754814  10.840929  10.653169  10.567054  10.754814 
 13.102112  12.966398  13.214725  13.237826  12.989499  12.966398 
 32.426798  32.511691  32.540567  32.341905  32.313029  32.511691 
  3.523102   3.420916   3.665747   3.625288   3.380457   3.420916 
 25.401954  25.525174  25.474600  25.278735  25.329309  25.525174 
  2.386780   2.239628   2.480562   2.533932   2.292997   2.239628 
 25.632949  25.695967  25.762679  25.569931  25.503219  25.695967 
 36.797028  36.765885  36.957054  36.828171  36.637002  36.765885 
 23.201917  23.358937  23.197833  23.044898  23.206001  23.358937 
 26.185760  26.032764  26.265283  26.338757  26.106238  26.032764 
 45.399753  45.446839  45.538682  45.352667  45.260824  45.446839 
  7.366791   7.311103   7.525434   7.422479   7.208148   7.311103 
 41.895714  42.045793  41.917099  41.745634  41.874328  42.045793 
 42.500458  42.364899  42.613278  42.636016  42.387637  42.364899 
 49.740216  49.825356  49.853779  49.655076  49.626653  49.825356 
 30.435638  30.297940  30.545508  30.573337  30.325769  30.297940 
  1.426950   1.508585   1.543371   1.345316   1.310530   1.508585 
 25.025940  24.988567  25.186002  25.063313  24.865878  24.988567 
 34.215143  34.370798  34.217437  34.059489  34.212850  34.370798 
 30.012665  29.897210  30.146188  30.128120  29.879142  29.897210 
 47.596064  47.706948  47.684363  47.485181  47.507766  47.706948 
  1.720428   1.564127   1.788460   1.876730   1.652397   1.564127 
 53.227489  53.262054  53.372391  53.192924  53.082587  53.262054 
 30.744476  30.662623  30.896657  30.826329  30.592295  30.662623 
 42.041017  42.178585  42.090675  41.903448  41.991358  42.178585 
 44.561615  44.401980  44.608273  44.721250  44.514957  44.401980 
  0.953784   0.965690   1.106912   0.941878   0.800657   0.965690 
 13.597260  13.439127  13.656246  13.755392  13.538273  13.439127 
 12.710291  12.735173  12.859105  12.685410  12.561478  12.735173 
 40.105286  40.052875  40.264356  40.157696  39.946215  40.052875 
  6.246168   6.397424   6.264098   6.094913   6.228239   6.397424 
 23.909760  23.763751  24.005833  24.055768  23.813686  23.763751 
  2.859490   2.925113   2.987532   2.793866   2.731447   2.925113 
 15.034027  14.874776  15.084836  15.193279  14.983218  14.874776 
 53.149249  53.165496  53.301050  53.133001  52.997448  53.165496 
 18.223114  18.067052  18.292133  18.379176  18.154095  18.067052 
 53.596335  53.631966  53.740770  53.560705  53.451901  53.631966 
 27.300262  27.215643  27.451408  27.384881  27.149117  27.215643 
 29.174245  29.310130  29.226972  29.038361  29.121518  29.310130 
 11.401825  11.302474  11.546089  11.501176  11.257561  11.302474 
 15.834307  15.959824  15.903682  15.708790  15.764932  15.959824 
 44.254456  44.163714  44.403033  44.345197  44.105878  44.163714 
 35.306779  35.438654  35.366359  35.174904  35.247199  35.438654 
 22.318573  22.158733  22.362171  22.478413  22.274975  22.158733 
 45.511524  45.520248  45.665551  45.502801  45.357498  45.520248 
 44.279633  44.120974  44.335211  44.438291  44.224055  44.120974 
 50.055039  50.076308  50.205159  50.033770  49.904919  50.076308 
 46.424713  46.290495  46.539286  46.558931  46.310140  46.290495 
  6.093414   6.180652   6.205209   6.006176   5.981619   6.180652 
 14.691620  14.565494  14.815478  14.817746  14.567762  14.565494 
  4.020051   4.118627   4.121462   3.921475   3.918640   4.118627 
 25.856781  25.777071  26.009714  25.936491  25.703848  25.777071 
 37.497502  37.636323  37.544795  37.358681  37.450210  37.636323 
 24.977264  24.924739  25.136322  25.029789  24.818207  24.924739 
 33.708446  33.859661  33.726496  33.557230  33.690395  33.859661 
 51.557465  51.511872  51.717178  51.603057  51.397751  51.511872 
 31.445071  31.598519  31.455868  31.291623  31.434274  31.598519 
  0.627747   0.482079   0.724480   0.773414   0.531013   0.482079 
 40.330912  40.397288  40.458456  40.264535  40.203367  40.397288 
 42.963715  42.803801  42.991730  43.123628  42.935699  42.803801 
  0.199326   0.192061   0.356934   0.206591   0.041718   0.192061 
 40.177460  40.027961  40.266109  40.326959  40.088810  40.027961 
 26.050229  26.107458  26.183520  25.993001  25.916939  26.107458 
 13.969879  13.810054  14.013736  14.129704  13.926023  13.810054 
  0.611018   0.620010   0.764971   0.602026   0.457065   0.620010 
 38.394928  38.235891  38.447620  38.553965  38.342236  38.235891 
  0.182560   0.200786   0.333718   0.164334   0.031403   0.200786 
  3.549957   3.431581   3.681074   3.668333   3.418841   3.431581 
  1.454893   1.562653   1.546727   1.347134   1.363059   1.562653 
 30.271149  30.118967  30.353000  30.423330  30.189298  30.118967 
 23.397517  23.447174  23.535087  23.347861  23.259948  23.447174 
  2.789612   2.643761   2.885992   2.935463   2.693231   2.643761 
 10.873512  10.939485  11.001323  10.807538  10.745700  10.939485 
 24.762421  24.602939  24.783963  24.921903  24.740878  24.602939 
 43.274230  43.260427  43.432852  43.288032  43.115608  43.260427 
  7.272797   7.131546   7.377286   7.414048   7.168307   7.131546 
 14.427848  14.503168  14.549120  14.352528  14.306576  14.503168 
 52.319489  52.166731  52.399708  52.472246  52.239269  52.166731 
  7.440261   7.488116   7.578789   7.392407   7.301734   7.488116 
  8.576965   8.457435   8.707084   8.696496   8.446846   8.457435 
 21.385629  21.492107  21.478871  21.279151  21.292387  21.492107 
 39.608459  39.448630  39.652243  39.768289  39.564676  39.448630 
  9.150367   9.159283   9.304341   9.141450   8.996393   9.159283 
  5.668182   5.516345   5.750975   5.820020   5.585390   5.516345 
  7.049061   7.099760   7.186066   6.998362   6.912056   7.099760 
 12.806702  12.777180  12.966677  12.836224  12.646726  12.777180 
 25.398229  25.555561  25.392494  25.240896  25.403963  25.555561 
  9.226532   9.148944   9.380167   9.304120   9.072897   9.148944 
  9.431658   9.571677   9.476618   9.291640   9.386699   9.571677 
 13.120575  13.092564  13.280488  13.148586  12.960662  13.092564 
 45.746245  45.903853  45.738975  45.588636  45.753514  45.903853 
  8.749847   8.642602   8.889332   8.857093   8.610363   8.642602 
 34.550458  34.669300  34.629001  34.431616  34.471915  34.669300 
  2.808075   2.705012   2.950198   2.911138   2.665952   2.705012 
  4.122508   4.244995   4.196171   4.000022   4.048846   4.244995 
 45.098724  44.944007  45.172765  45.253442  45.024684  44.944007 
 41.737371  41.778451  41.879297  41.696290  41.595445  41.778451 
 27.817230  27.796894  27.976603  27.837567  27.657858  27.796894 
 28.626564  28.785345  28.611551  28.467783  28.641578  28.785345 
 20.794525  20.634992  20.842419  20.954058  20.746631  20.634992 
 40.252672  40.265868  40.405417  40.239475  40.099926  40.265868 
 31.095276  31.032915  31.252801  31.157637  30.937751  31.032915 
 40.960558  41.107990  40.989035  40.813126  40.932081  41.107990 
 10.680084  10.523592  10.747309  10.836576  10.612860  10.523592 
 22.162441  22.196136  22.307720  22.128747  22.017163  22.196136 
 50.362396  50.249605  50.497977  50.475188  50.226816  50.249605 
 15.655473  15.769064  15.740578  15.541881  15.570367  15.769064 
 52.638397  52.570955  52.794838  52.705839  52.481956  52.570955 
 17.482938  17.628116  17.516867  17.337760  17.449009  17.628116 
 13.684540  13.610179  13.839164  13.758901  13.529916  13.610179 
 38.687869  38.829628  38.729299  38.546111  38.646440  38.829628 
 12.294769  12.135033  12.340035  12.454506  12.249504  12.135033 
 21.780555  21.791012  21.934100  21.770099  21.627010  21.791012 
 14.775543  14.619312  14.843870  14.931774  14.707216  14.619312 
 11.989365  12.024248  12.134128  11.954482  11.844601  12.024248 
 23.224945  23.065409  23.272803  23.384481  23.177087  23.065409 
  0.974276   0.987435   1.127032   0.961117   0.821519   0.987435 
 22.523346  22.486955  22.683419  22.559737  22.363273  22.486955 
 10.823215  10.979101  10.824499  10.667328  10.821930  10.979101 
 11.710663  11.638595  11.865934  11.782731  11.555392  11.638595 
  6.179105   6.322043   6.218039   6.036168   6.140172   6.322043 
  0.542145   0.382071   0.578396   0.702219   0.505894   0.382071 
 39.559688  39.560828  39.715607  39.558547  39.403768  39.560828 
 41.139221  41.089822  41.298616  41.188621  40.979826  41.089822 
  0.266389   0.418654   0.281159   0.114124   0.251618   0.418654 
 16.507721  16.399488  16.646546  16.615953  16.368896  16.399488 
 35.662585  35.780529  35.742288  35.544642  35.582883  35.780529 
 47.861481  47.788365  48.016462  47.934597  47.706500  47.788365 
 30.308727  30.451131  30.348800  30.166322  30.268654  30.451131 
 10.226898  10.178736  10.386408  10.275061  10.067388  10.178736 
 43.818185  43.970846  43.831662  43.665524  43.804708  43.970846 
  0.904694   0.745279   0.925483   1.064108   0.883905   0.745279 
 51.204423  51.189864  51.363146  51.218983  51.045701  51.189864 
 13.298492  13.154078  13.397571  13.442907  13.199414  13.154078 
 49.876205  49.945267  50.001936  49.807142  49.750473  49.945267 
 21.650543  21.581874  21.806691  21.719213  21.494395  21.581874 
 26.044641  26.189242  26.079894  25.900040  26.009388  26.189242 
 53.586731  53.426653  53.622068  53.746809  53.551394  53.426653 
 52.441362  52.441565  52.597491  52.441159  52.285233  52.441565 
 17.491302  17.404655  17.641640  17.577950  17.340965  17.404655 
 46.590120  46.724720  46.645108  46.455520  46.535132  46.724720 
  3.635559   3.484791   3.721138   3.786327   3.549980   3.484791 
 52.841877  52.895673  52.977159  52.788082  52.706595  52.895673 
 19.176483  19.016962  19.198489  19.336005  19.154477  19.016962 
  9.018104   9.004767   9.176662   9.031440   8.859545   9.004767 
 39.821625  39.670655  39.906693  39.972595  39.736556  39.670655 
 45.056987  45.110213  45.192590  45.003760  44.921383  45.110213 
 17.533264  17.373697  17.580762  17.692831  17.485766  17.373697 
  5.568088   5.580870   5.720957   5.555305   5.415218   5.580870 
 33.785858  33.740538  33.945591  33.831179  33.626126  33.740538 
 49.440295  49.593824  49.450809  49.286767  49.429782  49.593824 
 17.828674  17.774914  17.987578  17.882435  17.669770  17.774914 
 24.630730  24.781511  24.650082  24.479950  24.611379  24.781511 
  9.095612   9.044427   9.254822   9.146797   8.936401   9.044427 
  2.757032   2.908707   2.773675   2.605358   2.740390   2.908707 
 44.450836  44.299188  44.534136  44.602485  44.367537  44.299188 
  1.926197   1.977458   2.062894   1.874936   1.789499   1.977458 
 12.868805  12.792376  13.022806  12.945234  12.714804  12.792376 
 31.512134  31.652788  31.555824  31.371480  31.468444  31.652788 
  1.777496   1.715174   1.935029   1.839818   1.619964   1.715174 
  6.665312   6.812760   6.693747   6.517864   6.636876   6.812760 
 20.447083  20.353009  20.594093  20.541157  20.300072  20.353009 
 42.700469  42.829988  42.763818  42.570950  42.637121  42.829988 
 54.647522  54.546767  54.790997  54.748277  54.504047  54.546767 
 45.224644  45.349036  45.295636  45.100251  45.153652  45.349036 
 48.559723  48.409544  48.646756  48.709902  48.472689  48.409544 
 33.091839  33.147258  33.226190  33.036420  32.957488  33.147258 
 50.144196  49.984213  50.173932  50.304179  50.114459  49.984213 
  2.522312   2.516796   2.679604   2.527828   2.365020   2.516796 
 25.907135  25.879024  26.067053  25.935246  25.747217  25.879024 
 23.201917  23.359508  23.194750  23.044327  23.209085  23.359508 
 35.843658  35.820543  36.003269  35.866774  35.684047  35.820543 
 14.470694  14.629094  14.458474  14.312293  14.482913  14.629094 
 53.836823  53.686674  53.923931  53.986971  53.749714  53.686674 
 27.106471  27.161973  27.240773  27.050968  26.972168  27.161973 
 42.320862  42.160839  42.360103  42.480884  42.281621  42.160839 
 38.754932  38.759149  38.910126  38.750716  38.599738  38.759149 
 25.306244  25.221311  25.457267  25.391176  25.155221  25.221311 
 16.700537  16.836226  16.753612  16.564848  16.647461  16.836226 
 52.292633  52.144521  52.384392  52.440745  52.200874  52.144521 
 28.257718  28.318446  28.388887  28.196991  28.126549  28.318446 
 25.373383  25.245564  25.495461  25.501201  25.251304  25.245564 
 16.942709  17.039080  17.046255  16.846338  16.839162  17.039080 
 41.107330  40.964276  41.208817  41.250384  41.005843  40.964276 
 13.196498  13.268335  13.320294  13.124661  13.072702  13.268335 
 50.646057  50.595496  50.805335  50.696618  50.486779  50.595496 
 49.792376  49.944259  49.808363  49.640492  49.776388  49.944259 
 22.582092  22.554443  22.741988  22.609742  22.422196  22.554443 
  2.473878   2.631550   2.466242   2.316205   2.481514   2.631550 
  1.243744   1.225461   1.402909   1.262027   1.084579   1.225461 
 48.739860  48.898891  48.722788  48.580829  48.756933  48.898891 
 12.758026  12.688096  12.913860  12.827956  12.602192  12.688096 
 28.073295  28.217291  28.109911  27.929299  28.036679  28.217291 
 54.034882  53.875326  54.057301  54.194437  54.012462  53.875326 
  7.607919   7.594999   7.766419   7.620839   7.449418   7.594999 
 40.083466  39.994413  40.232791  40.172518  39.934140  39.994413 
 17.684127  17.817148  17.741807  17.551105  17.626446  17.817148 
 42.920074  42.822527  43.065315  43.017622  42.774834  42.822527 
 43.715728  43.842650  43.783035  43.588805  43.648420  43.842650 
  0.545502   0.400373   0.643259   0.690631   0.447745   0.400373 
 19.852495  19.920042  19.979257  19.784949  19.725733  19.920042 
 39.002533  38.881392  39.131215  39.123674  38.873851  38.881392 
  1.216447   1.321089   1.311663   1.111805   1.121232   1.321089 
 16.633606  16.507602  16.757589  16.759610  16.509623  16.507602 
  3.634439   3.733171   3.735697   3.535708   3.533181   3.733171 
 16.417084  16.354711  16.574606  16.479456  16.259561  16.354711 
  1.969043   2.116469   1.997532   1.821616   1.940553   2.116469 
 52.423553  52.265746  52.484404  52.581361  52.362703  52.265746 
 18.591339  18.618204  18.739401  18.564475  18.443278  18.618204 
 17.689362  17.529712  17.735826  17.849011  17.642897  17.529712 
 35.550814  35.562518  35.704000  35.539109  35.397627  35.562518 
 24.252167  24.092287  24.295034  24.412047  24.209300  24.092287 
 20.880794  20.888760  21.035026  20.872828  20.726562  20.888760 
  7.125092   6.971007   7.201250   7.279176   7.048933   6.971007 
 44.187031  44.230424  44.327832  44.143638  44.046230  44.230424 
 53.460846  53.338637  53.588543  53.583054  53.333149  53.338637 
  7.822148   7.925541   7.918680   7.718755   7.725616   7.925541 
  3.224335   3.126753   3.369557   3.321917   3.079113   3.126753 
  5.262579   5.389475   5.329925   5.135682   5.195232   5.389475 
 39.620209  39.596988  39.779828  39.643429  39.460590  39.596988 
 54.704737  54.863122  54.692623  54.546352  54.716850  54.863122 
  7.017670   6.931057   7.168021   7.104283   6.867318   6.931057 
 39.127504  39.262127  39.182453  38.992882  39.072555  39.262127 
 27.008209  26.852213  27.077496  27.164205  26.938923  26.852213 
 43.268641  43.304561  43.412948  43.232722  43.124335  43.304561 
 31.546783  31.415908  31.665441  31.677659  31.428126  31.415908 
  0.750732   0.842910   0.858182   0.658555   0.643283   0.842910 
 46.053772  45.991090  46.211234  46.116454  45.896310  45.991090 
 37.788108  37.935404  37.816928  37.640813  37.759288  37.935404 
 37.366028  37.246630  37.496263  37.485426  37.235793  37.246630 
  8.610137   8.716763   8.703218   8.503511   8.517057   8.716763 
  8.367157   8.251947   8.500875   8.482367   8.233439   8.251947 
  8.626903   8.738041   8.714906   8.515765   8.538900   8.738041 
 32.429657  32.269769  32.457140  32.589545  32.402174  32.269769 
 41.089095  41.081291  41.246797  41.096900  40.931394  41.081291 
  5.836029   5.755185   5.988569   5.916873   5.683489   5.755185 
 35.662585  35.800749  35.711129  35.524422  35.614042  35.800749 
  3.862152   3.713275   3.952225   4.011029   3.772079   3.713275 
 29.470440  29.529267  29.602772  29.411613  29.338107  29.529267 
 44.601898  44.442630  44.621173  44.761167  44.582623  44.442630 
  5.992820   5.976741   6.151733   6.008898   5.833906   5.976741 
 13.288422  13.128544  13.315710  13.448300  13.261133  13.128544 
  3.874748   3.866746   4.032483   3.882750   3.717013   3.866746 
 51.446686  51.286985  51.492463  51.606386  51.400908  51.286985 
 11.225592  11.236582  11.378985  11.214603  11.072199  11.236582 
 19.236908  19.165337  19.392314  19.308479  19.081502  19.165337 
  7.328490   7.471677   7.366884   7.185303   7.290096   7.471677 
 22.743225  22.583755  22.791831  22.902695  22.694619  22.583755 
 46.375891  46.389832  46.528412  46.361951  46.223371  46.389832 
 12.081604  11.965771  12.214825  12.197437  11.948383  11.965771 
 33.388034  33.498522  33.476788  33.277545  33.299280  33.498522 
 15.809479  15.689006  15.938763  15.929952  15.680194  15.689006 
 18.354756  18.460166  18.449152  18.249346  18.260360  18.460166 
 40.449371  40.328867  40.578627  40.569876  40.320116  40.328867 
 16.415519  16.520893  16.509954  16.310146  16.321084  16.520893 
 18.092194  17.973965  18.223436  18.210422  17.960952  17.973965 
 28.695490  28.803412  28.787145  28.587569  28.603836  28.803412 
 16.994476  16.848177  17.089980  17.140775  16.898973  16.848177 
 54.462565  54.527539  54.591033  54.397591  54.334097  54.527539 
 48.734283  48.682394  48.893415  48.786173  48.575152  48.682394 
 27.678369  27.829804  27.695751  27.526934  27.660987  27.829804 
 10.421600  10.397529  10.581282  10.445671  10.261918  10.397529 
 52.830700  52.988958  52.819444  52.672442  52.841956  52.988958 
 25.657043  25.548919  25.795942  25.765168  25.518145  25.548919 
 34.896950  35.014993  34.976525  34.778907  34.817375  35.014993 
102.938690 102.804354 103.053112 103.073026 102.824269 102.804354 
 15.271723  15.358780  15.383673  15.184667  15.159774  15.358780 
 63.870697  63.815382  64.029393  63.926012  63.712001  63.815382 
  9.558333   9.708550   9.579324   9.408115   9.537342   9.708550 
 73.155975  73.079695  73.310022  73.232256  73.001929  73.079695 
 47.895985  48.036720  47.939511  47.755250  47.852458  48.036720 
 82.844086  82.692088  82.926442  82.996084  82.761730  82.692088 
 26.396721  26.446936  26.533989  26.346506  26.259453  26.446936 
 67.865448  67.736527  67.986325  67.994369  67.744571  67.736527 
  4.182120   4.277012   4.287066   4.087228   4.077174   4.277012 
 83.069000  82.909993  83.121938  83.228008  83.016062  82.909993 
 53.095226  53.113711  53.246297  53.076741  52.944155  53.113711 
 56.132965  55.984416  56.223769  56.281514  56.042161  55.984416 
 48.505140  48.564790  48.636972  48.445490  48.373308  48.564790 
 77.640839  77.500282  77.746432  77.781396  77.535246  77.500282 
 41.927382  42.003990  42.047695  41.850775  41.807070  42.003990 
 78.251801  78.121019  78.370568  78.382582  78.133033  78.121019 
 14.126065  14.218376  14.233393  14.033754  14.018737  14.218376 
 92.889709  92.732788  92.955018  93.046631  92.824401  92.732788 
  4.567732   4.599365   4.713882   4.536098   4.421582   4.599365 
 73.256683  73.120987  73.369319  73.392380  73.144048  73.120987 
 52.841877  52.926797  52.955623  52.756957  52.728131  52.926797 
 70.806122  70.646412  70.851765  70.965832  70.760478  70.646412 
 22.162441  22.173291  22.315874  22.151591  22.009008  22.173291 
 79.327698  79.194421  79.443460  79.460975  79.211935  79.194421 
 20.530576  20.619246  20.641139  20.441907  20.420014  20.619246 
 71.833344  71.673284  71.870880  71.993403  71.795807  71.673284 
 33.093702  33.096164  33.249317  33.091240  32.938087  33.096164 
 94.955902  94.800671  95.028118  95.111133  94.883686  94.800671 
 46.783857  46.822952  46.926720  46.744763  46.640995  46.822952 
 65.013733  64.878997  65.127637  65.148469  64.899828  64.878997 
 53.959593  54.046029  54.072069  53.873156  53.847117  54.046029 
 72.111969  71.972881  72.219812  72.251057  72.004126  71.972881 
  4.897458   4.976702   5.015758   4.818214   4.779158   4.976702 
105.832367 105.683132 105.921627 105.981602 105.743107 105.683132 
 25.647852  25.705766  25.780734  25.589938  25.514970  25.705766 
 76.964417  76.860584  77.106072  77.068249  76.822761  76.860584 
  0.963098   1.084933   1.037655   0.841264   0.888542   1.084933 
 87.396088  87.236172  87.424164  87.556004  87.368012  87.236172 
 42.039154  42.031951  42.196751  42.046357  41.881557  42.031951 
 66.697235  66.546819  66.783690  66.847651  66.610780  66.546819 
 30.305001  30.359774  30.439725  30.250228  30.170277  30.359774 
 74.300690  74.225367  74.455029  74.376012  74.146351  74.225367 
  6.367254   6.508504   6.409734   6.226004   6.324775   6.508504 
 98.802948  98.648160  98.876742  98.957736  98.729154  98.648160 
 47.624007  47.664819  47.766062  47.583196  47.481953  47.664819 
 79.601288  79.493537  79.740437  79.709039  79.462139  79.493537 
  4.055445   4.173830   4.134581   3.937061   3.976310   4.173830 
 79.473724  79.338972  79.587608  79.608476  79.359841  79.338972 
 42.661349  42.747760  42.773846  42.574938  42.548852  42.747760 
 89.949036  89.788965  89.982635  90.109106  89.915437  89.788965 
 23.021220  23.019643  23.177732  23.022796  22.864707  23.019643 
 57.781219  57.622170  57.833812  57.940269  57.728627  57.622170 
 37.966943  37.985064  38.118135  37.948822  37.815751  37.985064 
 65.294037  65.241242  65.453062  65.346832  65.135012  65.241242 
 49.574421  49.725543  49.592756  49.423300  49.556087  49.725543 
 71.741028  71.622408  71.871935  71.859648  71.610120  71.622408 
  9.508036   9.615526   9.600167   9.400545   9.415904   9.615526 
 83.919983  83.764485  83.991208  84.075481  83.848758  83.764485 
  4.562143   4.600162   4.705503   4.524125   4.418783   4.600162 
 63.316803  63.161433  63.388508  63.472173  63.245098  63.161433 
  1.540585   1.579124   1.683705   1.502046   1.397465   1.579124 
101.129303 100.970351 101.182688 101.288255 101.075918 100.970351 
 13.924876  13.943831  14.075790  13.905921  13.773962  13.943831 
 87.866058  87.728063  87.975502  88.004054  87.756614  87.728063 
 46.878863  46.959994  46.995684  46.797732  46.762043  46.959994 
 64.812317  64.686260  64.936246  64.938374  64.688388  64.686260 
 12.656269  12.754933  12.757593  12.557604  12.554944  12.754933 
109.008026 108.852765 109.080132 109.163287 108.935920 108.852765 
 25.094582  25.133557  25.237501  25.055608  24.951664  25.133557 
108.148651 108.084921 108.305904 108.212382 107.991398 108.084921 
  4.847161   4.994006   4.877103   4.700316   4.817219   4.994006 
 77.603912  77.445559  77.661537  77.762266  77.546287  77.445559 
 14.878660  14.902096  15.028007  14.855224  14.729314  14.902096 
 71.390228  71.275569  71.524379  71.504888  71.256078  71.275569 
  7.693610   7.805316   7.780952   7.581904   7.606268   7.805316 
 61.213684  61.064924  61.304019  61.362444  61.123349  61.064924 
 20.450473  20.509596  20.582627  20.391351  20.318320  20.509596 
 93.438568  93.308237  93.557856  93.568899  93.319280  93.308237 
 19.776118  19.869064  19.882868  19.683173  19.669369  19.869064 
 90.647278  90.583430  90.804507  90.711126  90.490049  90.583430 
 14.789243  14.936037  14.819311  14.642449  14.759175  14.936037 
 78.261871  78.190961  78.417452  78.332782  78.106290  78.190961 
 15.506444  15.649959  15.544121  15.362928  15.468766  15.649959 
107.015686 106.856175 107.063839 107.175197 106.967533 106.856175 
 11.983776  11.997243  12.136440  11.970310  11.831112  11.997243 
 97.352753  97.301029  97.511903  97.404476  97.193602  97.301029 
 38.540703  38.692195  38.557911  38.389212  38.523496  38.692195 
 75.138245  75.112954  75.298009  75.163535  74.978481  75.112954 
  7.222307   7.380375   7.212283   7.064239   7.232331   7.380375 
 59.446259  59.306890  59.553679  59.585628  59.338838  59.306890 
 52.877271  52.956020  52.995955  52.798523  52.758588  52.956020 
101.451569 101.291796 101.496284 101.611341 101.406853 101.291796 
 11.849650  11.859535  12.003356  11.839765  11.695944  11.859535 
 85.180511  85.022248  85.238698  85.338775  85.122325  85.022248 
 20.288405  20.312436  20.437533  20.264373  20.139276  20.312436 
 91.036682  90.877476  91.087912  91.195888  90.985452  90.877476 
 28.067706  28.084396  28.219366  28.051017  27.916047  28.084396 
 81.256256  81.201407  81.415016  81.311106  81.097496  81.201407 
  2.997341   3.147729   3.017841   2.846953   2.976841   3.147729 
 77.090302  76.937429  77.170187  77.243174  77.010416  76.937429 
 36.467341  36.514827  36.606061  36.419854  36.328620  36.514827 
 86.063385  85.903392  86.103596  86.223378  86.023174  85.903392 
  4.556555   4.561773   4.711500   4.551337   4.401609   4.561773 
 58.889008  58.752407  59.000416  59.025608  58.777599  58.752407 
  0.298058   0.381516   0.413006   0.214599   0.183109   0.381516 
 83.597717  83.440519  83.661713  83.754916  83.533722  83.440519 
 11.536690  11.566916  11.683419  11.506464  11.389960  11.566916 
 95.224457  95.128171  95.370356  95.320743  95.078557  95.128171 
  2.764484   2.892366   2.830350   2.636601   2.698618   2.892366 
106.644745 106.573047 106.800116 106.716443 106.489373 106.573047 
 50.893326  51.036450  50.931858  50.750202  50.854794  51.036450 
 74.377899  74.222173  74.448250  74.533626  74.307548  74.222173 
  0.365120   0.402192   0.508911   0.328049   0.221330   0.402192 
 73.390961  73.231286  73.414937  73.550636  73.366984  73.231286 
 43.626310  43.614959  43.784583  43.637661  43.468038  43.614959 
 62.971039  62.911535  63.129084  63.030543  62.812994  62.911535 
 14.645803  14.794410  14.671234  14.497195  14.620371  14.794410 
 92.632904  92.596959  92.792980  92.668849  92.472828  92.596959 
 30.716693  30.872683  30.717519  30.560703  30.715867  30.872683 
 79.515686  79.360970  79.589731  79.670402  79.441641  79.360970 
 52.758048  52.799134  52.899972  52.716963  52.616125  52.799134 
 91.273346  91.124768  91.364086  91.421924  91.182606  91.124768 
 31.012888  31.072466  31.144764  30.953309  30.881012  31.072466 
 55.572357  55.425896  55.667540  55.718818  55.477175  55.425896 
  8.401497   8.466105   8.530203   8.336889   8.272791   8.466105 
 65.455170  65.384449  65.610800  65.525890  65.299539  65.384449 
 38.743755  38.887364  38.781227  38.600146  38.706283  38.887364 
107.762604 107.644265 107.893751 107.880943 107.631456 107.644265 
 48.706329  48.814129  48.798118  48.598529  48.614539  48.814129 
 55.545502  55.504371  55.705461  55.586632  55.385542  55.504371 
 38.073126  38.227830  38.079294  37.918422  38.066958  38.227830 
 97.594452  97.435101  97.644305  97.753802  97.544599  97.435101 
  6.132534   6.147780   6.284651   6.117288   5.980417   6.147780 
 69.597626  69.451937  69.694319  69.743315  69.500932  69.451937 
 20.497045  20.563375  20.624620  20.430714  20.369470  20.563375 
 80.912170  80.757736  80.987173  81.066605  80.837168  80.757736 
  9.437247   9.479377   9.578667   9.395117   9.295827   9.479377 
 99.709320  99.683593  99.869111  99.735048  99.549529  99.683593 
  0.633372   0.791369   0.623790   0.475375   0.642955   0.791369 
 89.903717  89.749350  89.978948  90.058084  89.828487  89.749350 
 43.760436  43.802815  43.901735  43.718057  43.619137  43.802815 
 61.517487  61.357634  61.544286  61.677339  61.490688  61.357634 
 49.047232  49.038734  49.205051  49.055730  48.889413  49.038734 
 62.655487  62.495569  62.697569  62.815405  62.613405  62.495569 
 12.268794  12.275947  12.423241  12.261641  12.114346  12.275947 
 92.444916  92.285219  92.469197  92.604613  92.420634  92.285219 
 39.190842  39.179798  39.349067  39.201885  39.032616  39.179798 
 84.697113  84.547337  84.785112  84.846889  84.609114  84.547337 
 54.149605  54.206104  54.283325  54.093105  54.015884  54.206104 
 61.319427  61.187119  61.436381  61.451736  61.202474  61.187119 
  0.331589   0.421697   0.440891   0.241481   0.222287   0.421697 
102.074280 101.915458 102.128674 102.233101 102.019885 101.915458 
 50.751749  50.771768  50.902302  50.731729  50.601195  50.771768 
 67.277985  67.197015  67.430480  67.358955  67.125489  67.197015 
 10.024048  10.162138  10.072731   9.885958   9.975365  10.162138 
 80.883636  80.724432  80.902292  81.042841  80.864981  80.724432 
 29.466714  29.450015  29.625701  29.483413  29.307727  29.450015 
 91.149139  91.125802  91.308767  91.172477  90.989511  91.125802 
 36.860404  37.018772  36.848409  36.702036  36.872399  37.018772 
 83.149567  83.038640  83.286515  83.260493  83.012618  83.038640 
 46.482074  46.597488  46.564961  46.366661  46.399188  46.597488 
 55.572357  55.521712  55.731626  55.623003  55.413088  55.521712 
 33.306068  33.457923  33.322144  33.154213  33.289992  33.457923 
 73.352356  73.272768  73.505330  73.431944  73.199382  73.272768 
 21.339057  21.477949  21.386216  21.200166  21.291899  21.477949 
 77.174225  77.126836  77.333801  77.221614  77.014649  77.126836 
 48.572203  48.725106  48.584872  48.419300  48.559534  48.725106 
 75.925446  75.816220  76.063593  76.034671  75.787298  75.816220 
 33.309794  33.426819  33.390666  33.192768  33.228921  33.426819 
105.113983 105.026520 105.263984 105.201447 104.963983 105.026520 
 16.857017  16.991088  16.912917  16.722946  16.801117  16.991088 
 67.455902  67.297327  67.512065  67.614477  67.399739  67.297327 
 53.926061  53.947949  54.075964  53.904173  53.776159  53.947949 
 67.627106  67.473568  67.704995  67.780643  67.549217  67.473568 
 45.109147  45.154437  45.248998  45.063856  44.969296  45.154437 
 85.598450  85.453457  85.696461  85.743443  85.500439  85.453457 
  1.903843   1.971680   2.030408   1.836005   1.777277   1.971680 
107.727356 107.652632 107.881873 107.802080 107.572839 107.652632 
 53.296415  53.437982  53.338241  53.154848  53.254589  53.437982 
103.623505 103.488531 103.737099 103.758478 103.509911 103.488531 
 28.175752  28.261817  28.288542  28.089688  28.062963  28.261817 
 80.625153  80.498748  80.748723  80.751557  80.501582  80.498748 
 12.469983  12.568201  12.571744  12.371764  12.368221  12.568201 
 76.291351  76.143697  76.384088  76.439005  76.198615  76.143697 
 39.837254  39.899086  39.967734  39.775421  39.706774  39.899086 
102.154846 102.098173 102.313345 102.211519 101.996347 102.098173 
 10.066894  10.216604  10.089321   9.917183  10.044466  10.216604 
 88.933563  88.773654  88.975847  89.093472  88.891279  88.773654 
 48.968992  48.976354  49.123384  48.961630  48.814599  48.976354 
 75.092926  75.048739  75.252732  75.137113  74.933120  75.048739 
 42.996664  43.150523  43.005999  42.842805  42.987329  43.150523 
 68.021545  67.892502  68.142286  68.150589  67.900805  67.892502 
 53.726735  53.821460  53.831838  53.632011  53.621632  53.821460 
 99.974518  99.833757 100.079790 100.115279  99.869246  99.833757 
 46.878863  46.955096  46.999457  46.802631  46.758270  46.955096 
 87.899628  87.739796  87.926042  88.059459  87.873214  87.739796 
  2.807330   2.798442   2.965213   2.816217   2.649446   2.798442 
 55.716705  55.565218  55.800434  55.868192  55.632977  55.565218 
 40.805941  40.857678  40.942376  40.754204  40.669506  40.857678 
106.920013 106.827191 107.067627 107.012836 106.772400 106.827191 
 17.361852  17.492270  17.423782  17.231434  17.299922  17.492270 
 80.133362  80.096913  80.293434  80.169810  79.973289  80.096913 
 12.203594  12.359467  12.204937  12.047720  12.202250  12.359467 
106.398010 106.245842 106.479899 106.550178 106.316122 106.245842 
 48.488374  48.538072  48.625922  48.438676  48.350827  48.538072 
106.325836 106.173239 106.406519 106.478433 106.245154 106.173239 
 51.332961  51.381326  51.471219  51.284596  51.194702  51.381326 
 58.375397  58.217482  58.435650  58.533312  58.315144  58.217482 
 13.192772  13.219000  13.341078  13.166544  13.044466  13.219000 
 81.623840  81.512317  81.760357  81.735364  81.487323  81.512317 
 54.145879  54.260716  54.229474  54.031042  54.062284  54.260716 
 77.775116  77.616568  77.831461  77.933664  77.718771  77.616568 
 33.445782  33.467863  33.595616  33.423702  33.295948  33.467863 
 86.764984  86.731879  86.925049  86.798089  86.604920  86.731879 
 53.564667  53.721284  53.562585  53.408049  53.566748  53.721284 
 76.736145  76.632728  76.878054  76.839562  76.594236  76.632728 
 35.373842  35.496030  35.447915  35.251654  35.299769  35.496030 
 92.226715  92.072822  92.303489  92.380608  92.149941  92.072822 
 45.846839  45.890906  45.987305  45.802772  45.706373  45.890906 
 61.957245  61.836644  62.086415  62.077846  61.828075  61.836644 
  9.934631  10.039894  10.029183   9.829367   9.840078  10.039894 
 59.896088  59.871937  60.055775  59.920238  59.736400  59.871937 
 52.821386  52.979631  52.810210  52.663140  52.832561  52.979631 
 66.059418  66.041617  66.218530  66.077219  65.900305  66.041617 
 54.429034  54.588119  54.411479  54.269948  54.446588  54.588119 
101.053772 100.943763 101.191373 101.163781 100.916171 100.943763 
 31.504683  31.620971  31.586481  31.388394  31.422884  31.620971 
 92.377777  92.264599  92.513067  92.490955  92.242488  92.264599 
 48.371014  48.484221  48.456581  48.257807  48.285447  48.484221 
106.178131 106.021165 106.243233 106.335097 106.113029 106.021165 
 18.863317  18.894729  19.009559  18.831905  18.717075  18.894729 
 57.432098  57.272377  57.456745  57.591820  57.407452  57.272377 
 37.028061  37.017387  37.186231  37.038736  36.869892  37.017387 
 61.467133  61.320349  61.561666  61.613917  61.372599  61.320349 
 18.343579  18.407450  18.472762  18.279708  18.214396  18.407450 
 99.227600  99.172096  99.386269  99.283104  99.068931  99.172096 
 39.693814  39.843961  39.715005  39.543666  39.672623  39.843961 
 99.209137  99.085627  99.335599  99.332647  99.082675  99.085627 
 25.247337  25.349171  25.345481  25.145503  25.149193  25.349171 
 59.919586  59.804108  60.053091  60.035064  59.786082  59.804108 
 38.127149  38.238008  38.215475  38.016289  38.038823  38.238008 
 59.167633  59.049627  59.299063  59.285639  59.036203  59.049627 
 37.959491  38.067656  38.050876  37.851327  37.868107  38.067656 
 95.158997  95.022694  95.270814  95.295299  95.047179  95.022694 
 12.555674  12.639619  12.670225  12.471729  12.441123  12.639619 
 83.508759  83.354620  83.584741  83.662897  83.432776  83.354620 
 22.775322  22.818523  22.916218  22.732121  22.634426  22.818523 
 98.735809  98.664961  98.891407  98.806657  98.580212  98.664961 
 37.959491  38.103038  37.997101  37.815945  37.921882  38.103038 
 83.508759  83.409945  83.653317  83.607572  83.364200  83.409945 
 17.197920  17.323860  17.266679  17.071981  17.129162  17.323860 
 64.046936  63.903529  64.147810  64.190343  63.946062  63.903529 
 33.663737  33.734866  33.788033  33.592608  33.539441  33.734866 
 73.642731  73.562725  73.795562  73.722737  73.489899  73.562725 
 32.668970  32.807621  32.716589  32.530319  32.621351  32.807621 
 68.885956  68.821323  69.043022  68.950588  68.728890  68.821323 
 15.890193  16.036643  15.921101  15.743743  15.859284  16.036643 
 97.132874  96.999260  97.248214  97.266487  97.017533  96.999260 
 16.573862  16.662024  16.684865  16.485701  16.462860  16.662024 
 84.908600  84.862892  85.068305  84.954308  84.748894  84.862892 
 52.892174  53.045588  52.903092  52.738761  52.881257  53.045588 
 90.056458  90.018734  90.216514  90.094181  89.896401  90.018734 
  2.121797   2.277367   2.124452   1.966228   2.119143   2.277367 
 75.619965  75.549132  75.775566  75.690797  75.464363  75.549132 
 36.858541  37.002095  36.896134  36.714987  36.820948  37.002095 
108.397064 108.334588 108.554567 108.459540 108.239562 108.334588 
 37.450931  37.598314  37.479530  37.303547  37.422331  37.598314 
 60.851135  60.789375  61.008775  60.912895  60.693496  60.789375 
  7.222307   7.369991   7.250142   7.074623   7.194472   7.369991 
 75.938873  75.810719  76.060589  76.067028  75.817157  75.810719 
  6.741689   6.837613   6.845661   6.645765   6.637717   6.837613 
 71.349945  71.246471  71.491820  71.453419  71.208070  71.246471 
 32.288946  32.411086  32.363085  32.166807  32.214808  32.411086 
 81.461029  81.350007  81.597909  81.572051  81.324149  81.350007 
 12.743823  12.859145  12.826823  12.628501  12.660823  12.859145 
 70.393219  70.235809  70.456169  70.550629  70.330269  70.235809 
 40.675541  40.704648  40.822722  40.646434  40.528360  40.704648 
100.770111 100.628610 100.874196 100.911613 100.666027 100.628610 
 52.361259  52.436108  52.482879  52.286410  52.239639  52.436108 
 80.531158  80.371340  80.557353  80.690977  80.504964  80.371340 
 44.459009  44.449899  44.616929  44.468119  44.301088  44.449899 
103.752747 103.725147 103.912640 103.780347 103.592853 103.725147 
  5.266304   5.423985   5.258618   5.108623   5.273990   5.423985 
 62.957611  62.839080  63.088595  63.076142  62.826627  62.839080 
  8.649257   8.756846   8.741280   8.541669   8.557234   8.756846 
 77.828827  77.760540  77.985068  77.897114  77.672586  77.760540 
 22.618842  22.763624  22.653682  22.474060  22.584002  22.763624 
108.141937 108.075963 108.298713 108.207911 107.985162 108.075963 
 18.511236  18.657087  18.543586  18.365386  18.478887  18.657087 
105.738373 105.629313 105.876634 105.847432 105.600112 105.629313 
 22.166167  22.283347  22.246844  22.048988  22.085490  22.283347 
 83.324127  83.248569  83.478395  83.399686  83.169859  83.248569 
 42.476926  42.618050  42.519663  42.335802  42.434189  42.618050 
100.763397 100.605076 100.821224 100.921719 100.705570 100.605076 
 44.984335  45.007986  45.133603  44.960684  44.835067  45.007986 
 82.145844  82.037282  82.284446  82.254405  82.007241  82.037282 
 53.933513  54.051154  54.013602  53.815871  53.853423  54.051154 
 93.918610  93.765102  93.996592  94.072117  93.840627  93.765102 
 12.790394  12.835787  12.930193  12.745002  12.650595  12.835787 
108.289642 108.213429 108.443710 108.365856 108.135575 108.213429 
 19.647581  19.788352  19.691034  19.506810  19.604127  19.788352 
 79.131317  79.049358  79.283460  79.213277  78.979175  79.049358 
 47.707836  47.845341  47.757612  47.570331  47.658059  47.845341 
 60.940094  60.785836  61.015685  61.094352  60.864503  60.785836 
 54.095582  54.138354  54.236688  54.052809  53.954475  54.138354 
 59.328766  59.231294  59.474046  59.426238  59.183486  59.231294 
 20.782062  20.909043  20.849283  20.655081  20.714841  20.909043 
 73.307037  73.251716  73.465732  73.362359  73.148342  73.251716 
 39.073481  39.223696  39.094480  38.923266  39.052483  39.223696 
 65.904999  65.828970  66.059123  65.981027  65.750874  65.828970 
 38.754932  38.895803  38.798184  38.614061  38.711681  38.895803 
103.626862 103.532898 103.773925 103.720825 103.479798 103.532898 
 20.662839  20.792438  20.726063  20.533241  20.599616  20.792438 
108.197327 108.049129 108.288901 108.345524 108.105752 108.049129 
 46.806212  46.866731  46.937510  46.745692  46.674914  46.866731 
 61.495667  61.431058  61.652737  61.560275  61.338596  61.431058 
 15.554878  15.701339  15.585761  15.408417  15.523996  15.701339 
 77.472992  77.357787  77.606713  77.588197  77.339271  77.357787 
  0.370709   0.481852   0.458707   0.259566   0.282711   0.481852 
 96.110687  95.951808  96.164638  96.269567  96.056737  95.951808 
 26.810276  26.829828  26.960989  26.790725  26.659563  26.829828 
 78.976898  78.925620  79.136099  79.028177  78.817698  78.925620 
  8.703280   8.854923   8.720021   8.551638   8.686540   8.854923 
 71.987762  71.927578  72.145689  72.047947  71.829836  71.927578 
 19.366289  19.514622  19.392445  19.217956  19.340133  19.514622 
 57.494202  57.353246  57.599164  57.635158  57.389239  57.353246 
 53.424952  53.500823  53.545815  53.349081  53.304089  53.500823 
103.291168 103.143988 103.384892 103.438349 103.197444 103.143988 
 16.001964  16.064916  16.131737  15.939013  15.872192  16.064916 
 82.374115  82.303942  82.529887  82.444288  82.218343  82.303942 
 19.802198  19.946076  19.839077  19.658321  19.765320  19.946076 
 82.447968  82.313963  82.562813  82.581972  82.333122  82.313963 
 31.130248  31.217814  31.241762  31.042682  31.018733  31.217814 
 62.010956  61.965850  62.170703  62.056061  61.851209  61.965850 
 44.561466  44.715058  44.571756  44.407874  44.551176  44.715058 
